2
4
4
6
6
7
8
10
11
12
11
7
13
14
15
13
16
15
17
18
19
18
20
21
22
24
8
26
27
28
29
30
31
32
33
34
35
36
37
30
38
30
39
40
41
41
42
43
12
44
24
24
45
46
27
47
48
49
44
50
51
53
54
55
56
56
57
58
58
59
60
61
62
62
63
64
50
65
66
35
67
42
68
69
70
71
72
73
74
75
76
77
79
58
80
60
55
27
57
29
81
82
83
84
85
86
87
84
12
88
40
90
91
92
93
94
95
96
97
98
99
100
101
102
103
104
105
106
107
108
109
110
111
112
113
114
115
116
117
118
119
96
120
121
122
123
102
124
125
126
127
128
129
130
131
132
106
133
119
134
135
136
137
138
139
140
141
142
143
144
112
145
114
146
147
148
149
150
151
152
153
154
117
93
156
157
158
159
160
161
162
163
164
165
166
167
168
169
170
171
172
151
117
173
175
171
177
94
178
119
179
180
96
120
99
102
181
124
125
127
130
182
105
132
106
156
183
119
107
184
135
137
185
186
140
141
110
112
187
145
114
188
189
162
190
151
153
154
191
117
175
192
192
193
194
195
196
197
198
123
128
199
200
201
202
131
173
203
204
205
151
206
207
208
154
209
210
211
212
117
213
215
93
216
217
218
219
220
180
96
98
221
222
223
104
224
130
156
108
160
221
163
164
225
209
226
222
151
108
227
228
229
230
231
232
233
234
235
236
237
238
239
240
241
242
243
244
245
241
246
247
248
249
250
236
251
252
253
254
255
