1
3
5
3
5
3
1
9
3
3
5
1
5
1
3
3
9
5
3
9
9
3
9
3
9
23
25
1
3
1
3
9
9
1
3
23
1
9
9
9
1
9
23
23
1
3
23
23
5
3
23
23
23
3
3
3
9
5
5
3
9
52
1
3
1
3
3
3
23
3
3
9
23
23
9
9
5
23
1
3
1
9
1
9
23
1
23
1
9
5
9
1
78
5
9
5
5
5
5
5
3
1
25
25
25
25
52
5
25
25
25
89
8
13
13
13
13
13
13
13
13
13
13
13
13
13
13
13
13
13
13
13
13
13
13
13
13
13
13
49
49
49
49
49
49
49
49
49
49
49
49
49
49
49
49
49
49
49
49
49
49
49
49
49
49
49
49
49
49
49
49
49
49
49
49
49
49
49
49
49
49
49
49
155
155
155
155
155
155
155
155
155
155
155
155
155
155
155
85
85
85
85
85
85
174
174
176
87
87
87
87
87
87
87
87
87
87
87
87
87
87
87
87
87
87
87
87
87
87
87
87
87
87
87
87
87
87
87
87
87
87
87
87
87
87
87
87
87
87
87
24
24
24
24
24
24
24
24
24
24
24
24
24
24
24
24
24
24
24
24
24
24
24
24
24
24
24
24
24
24
24
214
214
214
214
214
214
214
214
214
214
214
214
214
214
214
214
214
214
214
214
214
214
214
214
214
15
15
15
15
15
42
42
42
42
42
42
42
42
42
42
42
42
42
42
42
42
42
42
42
42
42
42
42
42
42
42
42
42
42
