2
4
6
8
6
11
8
14
16
18
19
18
19
21
18
19
21
24
24
27
19
6
31
27
34
36
38
40
42
43
44
46
48
11
11
48
43
44
51
53
48
40
48
58
44
61
48
46
40
58
21
48
69
11
24
73
48
40
43
11
48
77
40
78
48
81
83
21
46
40
87
27
81
24
4
90
6
93
40
69
40
97
40
93
46
40
11
21
51
103
93
11
48
40
43
106
108
61
69
48
111
6
114
108
61
117
118
120
46
121
40
124
42
48
48
51
58
103
129
48
21
11
48
134
14
40
48
81
24
4
90
61
48
46
40
87
51
143
77
46
46
147
69
97
53
21
11
48
58
61
155
6
114
53
157
11
48
114
161
6
162
31
53
58
46
53
11
48
120
93
6
169
170
51
6
24
157
42
48
40
106
48
48
108
61
40
87
51
58
103
48
11
48
48
118
69
11
48
69
162
51
24
81
90
69
48
40
190
43
103
51
24
90
81
4
192
106
18
77
195
46
77
48
83
40
58
21
195
6
117
11
48
44
43
44
48
48
40
40
48
11
77
114
46
51
118
11
48
40
11
21
61
51
24
81
4
222
51
46
83
93
114
73
170
58
53
34
157
48
93
120
6
118
34
40
48
43
11
44
24
48
40
11
48
51
77
241
21
11
42
195
73
247
249
103
24
51
81
4
69
108
61
87
11
48
255
257
48
11
48
42
11
48
262
264
21
58
40
108
21
120
46
51
103
143
273
87
40
43
262
44
69
118
51
87
81
24
4
90
69
48
279
11
48
48
157
42
44
118
51
103
143
287
103
287
24
53
40
11
48
44
143
51
143
262
296
6
262
162
40
21
48
40
48
48
24
46
53
53
195
87
311
2
108
40
58
11
21
83
43
44
69
190
190
114
46
48
21
21
108
61
21
48
11
46
120
46
48
46
46
40
170
157
48
11
48
21
69
48
40
106
58
6
51
58
103
51
93
46
114
61
40
51
87
81
53
24
4
69
46
93
114
6
162
21
103
11
21
19
21
4
18
19
21
18
19
48
11
48
51
51
87
81
24
4
69
195
103
51
51
190
8
249
97
97
103
40
376
147
257
43
161
6
118
155
6
48
21
11
48
38
103
83
40
40
14
279
83
21
43
44
77
90
21
21
6
14
118
83
44
21
46
44
46
51
44
161
87
249
257
43
93
2
48
21
103
51
58
103
21
46
61
48
279
273
21
21
21
46
6
44
103
103
51
103
8
46
441
8
40
195
195
195
42
448
83
48
452
21
247
40
2
43
44
190
58
42
53
6
11
48
42
42
8
11
83
18
19
21
53
69
40
44
475
69
8
124
6
2
6
6
21
6
103
190
6
155
8
61
34
87
241
21
40
40
40
40
51
87
83
90
53
296
2
87
