1
3
5
7
9
10
12
13
15
17
17
20
20
20
22
22
22
23
25
26
28
29
30
32
33
35
37
39
41
41
41
45
47
47
49
49
49
49
50
52
54
55
56
57
59
60
62
63
64
65
66
67
68
70
71
72
74
74
74
74
75
76
76
76
79
80
82
84
85
85
86
88
89
89
89
89
91
92
92
94
95
96
98
99
99
99
100
101
102
102
104
105
105
105
105
105
107
107
109
110
110
112
113
115
115
116
116
119
119
119
122
123
125
125
126
127
127
127
128
130
131
132
132
133
135
135
136
137
137
137
137
138
139
140
141
141
142
142
144
144
145
146
148
148
149
150
151
151
152
153
154
156
156
156
156
158
158
159
160
160
160
160
160
163
164
165
166
166
167
167
168
168
168
171
172
172
172
173
173
173
173
174
175
176
176
177
177
178
178
178
179
180
180
181
182
183
184
184
185
186
187
187
187
187
187
188
188
189
189
191
191
191
191
191
191
191
191
193
194
194
194
196
197
198
199
200
201
202
203
203
204
204
204
205
205
206
207
208
209
210
210
211
212
213
214
215
216
216
216
217
218
219
220
220
220
220
221
223
224
225
226
227
227
227
228
229
229
229
230
231
231
232
232
232
233
234
234
234
234
235
236
236
236
237
238
239
240
242
243
243
244
245
246
248
250
250
250
250
250
250
251
251
252
253
253
254
256
258
259
259
260
260
260
261
263
265
266
267
268
269
270
270
271
271
271
272
272
272
272
272
272
274
275
276
276
276
276
276
276
276
277
278
280
280
281
282
283
283
284
285
285
285
286
286
288
289
290
291
292
292
292
293
294
294
295
295
297
298
298
299
300
301
301
302
303
304
305
306
307
308
309
310
312
312
312
313
314
315
316
317
317
318
319
320
321
322
323
324
325
326
326
327
328
328
329
329
330
331
332
333
334
335
335
336
337
337
338
339
340
340
340
341
342
343
343
343
344
345
345
346
347
347
348
348
348
348
348
348
348
349
349
350
350
351
352
353
354
355
356
356
357
358
359
359
360
360
361
362
362
363
364
364
364
364
364
364
365
366
366
367
368
369
370
371
372
373
374
375
375
377
378
379
379
380
381
382
383
384
385
386
387
388
389
390
391
392
393
394
395
396
396
397
398
399
400
401
402
403
404
405
406
407
408
409
410
411
412
413
414
415
416
417
418
419
420
421
422
422
422
423
424
425
426
427
428
429
430
431
432
433
434
435
436
437
437
438
439
440
442
442
443
444
445
446
447
449
450
451
453
454
455
456
457
457
458
459
460
461
462
463
463
464
465
466
467
468
469
469
469
470
471
472
473
474
476
477
478
479
480
481
482
483
484
485
486
487
488
489
490
491
492
493
494
495
496
497
498
499
500
501
502
503
504
505
506
