2
3
4
5
6
7
8
9
10
11
12
13
14
15
16
17
18
19
20
21
22
23
24
25
26
27
28
29
30
31
32
33
34
35
36
37
38
39
40
41
42
43
44
45
46
47
48
49
50
51
52
53
54
55
56
57
58
59
60
61
62
63
64
65
66
67
68
69
70
71
72
73
74
75
76
77
78
79
80
81
82
83
84
85
86
87
88
89
90
91
92
93
94
95
96
97
98
99
100
101
102
103
104
105
106
107
108
109
110
111
112
113
114
115
116
117
118
119
120
121
122
123
124
125
126
127
128
129
130
131
132
133
134
135
136
137
138
139
140
141
142
143
144
145
146
147
148
149
150
151
152
153
154
155
156
157
158
159
160
161
162
163
164
165
166
167
168
169
170
171
172
173
174
175
176
177
178
179
180
181
182
183
184
185
186
187
188
189
190
191
192
193
194
195
196
197
198
199
200
201
202
203
204
205
206
207
208
209
210
211
212
213
214
215
216
217
218
219
220
221
222
223
224
225
226
227
228
229
230
231
232
233
234
235
236
237
238
239
240
241
242
243
244
245
246
247
248
249
250
251
252
253
254
255
256
257
258
259
260
261
262
263
264
265
266
267
268
269
270
271
272
273
274
275
276
277
278
279
280
281
282
283
284
285
286
287
288
289
290
291
292
293
294
295
296
297
298
299
300
301
302
303
304
305
306
307
308
309
310
311
312
313
28
314
315
316
317
318
319
320
80
321
322
323
52
324
325
67
326
327
328
329
330
331
332
333
286
334
335
336
337
63
338
339
340
341
129
342
343
344
345
346
347
348
349
350
351
352
353
354
355
356
357
358
359
360
121
361
362
363
364
365
366
367
92
53
368
369
370
371
372
373
374
375
376
377
378
126
379
380
381
382
383
384
385
386
387
388
389
390
391
392
95
393
394
395
396
397
398
399
400
401
402
403
404
405
406
407
408
409
410
411
28
314
317
324
315
322
320
321
80
330
327
345
286
318
67
337
323
407
369
370
316
341
357
371
319
52
412
359
376
121
329
384
413
414
385
92
415
410
336
416
325
126
361
63
405
417
380
418
419
408
129
352
338
342
348
328
420
421
53
422
423
354
339
424
383
334
425
426
427
428
429
394
372
430
431
373
432
433
434
435
436
437
335
332
398
438
439
355
440
395
441
442
443
444
445
446
447
349
343
448
449
450
333
360
389
451
452
453
454
344
95
340
8
455
456
457
458
375
459
460
461
462
24
393
463
464
465
378
466
467
468
469
470
471
326
472
473
474
475
476
477
351
387
478
364
479
480
481
353
482
483
484
485
486
487
488
489
490
491
492
493
494
404
495
496
497
123
112
498
363
499
324
370
413
500
501
502
503
504
301
505
27
359
126
28
506
321
314
507
508
509
445
322
510
511
512
513
514
515
516
447
517
518
323
369
519
472
520
378
521
522
523
524
525
526
527
528
529
530
531
370
532
533
534
535
536
93
537
538
539
540
541
542
543
544
373
545
429
546
547
548
549
550
551
552
553
554
555
556
497
557
558
559
560
561
562
563
564
565
41
566
443
567
568
414
448
569
570
571
24
572
573
574
427
575
576
398
577
578
579
580
581
582
583
584
585
586
494
587
588
589
590
591
592
537
593
527
594
517
595
28
314
315
323
317
324
321
320
330
322
318
376
316
341
337
370
67
369
407
412
319
80
327
329
63
359
336
332
384
338
410
325
494
425
596
293
597
598
599
427
600
601
416
602
603
604
605
325
334
518
574
606
487
544
607
329
608
609
610
611
511
612
613
614
439
615
616
465
428
46
617
618
289
619
620
621
291
389
622
623
624
625
626
572
627
628
629
630
631
632
633
537
290
634
635
636
637
638
639
640
641
642
643
644
645
646
647
648
649
100
650
651
579
652
653
84
654
655
656
657
658
659
660
436
661
662
398
663
664
665
666
667
668
669
670
671
672
673
674
675
676
677
391
292
678
679
680
681
682
683
583
684
685
686
687
688
27
689
690
691
692
693
694
695
696
697
698
699
700
323
324
28
298
322
314
370
321
701
702
459
426
458
435
475
703
451
384
405
569
704
705
706
478
376
92
707
708
375
709
710
301
711
354
476
121
564
712
330
337
713
448
714
715
716
717
718
719
720
721
722
723
724
491
725
726
396
727
443
728
729
730
731
442
732
733
734
357
432
470
393
319
735
736
737
454
738
579
314
28
322
80
413
83
320
414
441
358
371
345
385
421
318
739
321
286
740
109
479
394
489
418
126
330
405
327
741
742
743
744
745
746
188
747
748
749
750
751
752
753
754
755
756
757
758
759
760
761
762
763
764
765
766
767
768
769
188
770
771
772
773
752
774
775
776
777
778
779
780
781
782
756
783
784
785
786
787
788
789
790
791
792
793
794
762
795
764
796
797
798
152
799
800
801
802
803
767
744
804
805
806
807
808
809
810
811
812
813
814
815
816
817
818
819
820
800
767
821
822
819
823
745
824
769
825
826
188
770
749
752
827
774
775
777
780
828
755
782
756
804
829
757
830
785
787
831
832
790
791
760
762
833
795
764
834
835
810
836
800
802
803
837
767
822
838
839
840
841
842
843
844
773
778
845
846
847
848
781
821
849
850
851
800
852
853
854
803
855
856
857
858
767
859
860
744
861
862
863
864
865
826
188
748
866
867
868
754
869
780
804
758
808
811
812
870
855
871
867
800
758
872
873
874
875
876
877
878
879
880
203
881
882
883
884
169
153
165
885
886
887
888
174
889
161
159
890
891
892
893
53
894
470
895
896
897
898
899
900
901
902
903
904
437
905
490
906
606
457
907
908
909
442
910
300
298
84
475
564
28
911
912
913
914
915
916
121
378
917
417
293
290
918
919
920
328
921
922
923
924
925
926
739
684
927
467
928
929
930
85
931
932
933
934
935
936
937
416
938
939
940
941
397
942
943
944
368
945
946
424
947
948
949
950
951
952
953
954
955
956
957
958
959
33
527
357
960
961
962
3
338
341
361
963
964
965
966
967
968
969
124
414
970
971
972
973
974
730
468
975
432
718
354
976
57
977
978
979
980
981
342
982
499
983
984
985
612
506
986
987
149
988
989
990
440
991
992
993
994
995
996
997
998
999
1000
1001
1002
470
407
1003
725
337
1004
1005
726
1006
1007
1008
1009
1010
1011
1012
734
1013
1014
53
370
359
384
702
1015
333
1016
1017
1018
1019
395
1020
1021
1022
1023
473
1024
1025
1026
441
1027
1028
334
1029
1030
699
1031
1032
421
1033
404
63
1034
425
1035
1036
1037
1038
1039
1040
1041
1042
1043
493
1044
1045
1046
1047
1048
363
1049
1050
1051
14
1052
523
1053
484
433
423
1054
37
1055
317
364
1056
1057
418
461
727
1058
1059
1060
1061
1062
1063
1064
1065
1066
1067
1068
95
1069
399
1070
1071
1072
62
711
1073
1074
1075
446
385
8
24
1076
1077
1078
352
136
1079
1080
1081
1082
1083
1084
1085
1086
573
1087
1088
35
371
46
1089
1090
1091
1092
95
480
1072
1093
336
1094
574
1095
446
8
1096
933
1097
449
1098
1069
711
396
1099
399
1100
416
1101
1102
129
1103
461
327
334
364
1104
366
1105
363
1106
1107
484
428
1108
1109
1048
355
1110
1111
1112
739
318
1113
1114
1115
112
1116
48
1117
1118
1119
51
1120
1121
1122
531
1123
63
404
1124
1125
421
1126
92
1127
335
389
481
1128
424
1129
1130
1131
441
1132
1133
72
1134
473
1135
1136
1137
53
456
1088
332
1138
115
1139
1140
1141
337
420
1142
1143
1007
1012
330
451
407
314
369
1144
1008
1005
1011
442
1145
998
1001
1146
1147
325
1148
501
440
661
1149
342
981
388
350
1150
734
1151
356
709
730
21
1152
339
1153
67
432
1154
286
104
354
1155
1156
1157
1158
971
414
468
482
1159
951
1160
1161
1162
1163
1164
1165
1166
338
3
1167
937
372
906
479
1168
101
967
949
2
506
904
962
341
80
1030
1021
368
397
1169
1170
1171
45
1172
357
960
1173
1174
1175
345
302
1176
925
994
52
1177
1178
908
918
348
319
328
290
121
1179
1180
1038
317
1181
294
1182
1183
419
16
320
437
1037
1184
1185
1186
55
1187
1188
403
1189
1190
1191
1192
1193
1194
94
1195
448
1196
1197
1198
1199
1200
1201
1202
1203
1204
1205
1206
1207
1208
618
1209
1210
1211
1212
1213
1214
1215
1216
1217
1218
1219
1220
1221
1222
1223
1224
1070
1225
1226
1072
336
1094
1227
1095
1073
1228
8
1229
933
1097
449
1230
711
396
399
1231
416
61
59
129
1103
461
1232
1233
334
364
57
299
1104
366
1049
1105
363
1234
1235
1106
423
1236
355
1111
739
1050
1113
1115
112
1116
48
1123
63
1237
404
1033
1125
1238
421
1126
1239
1127
1029
335
389
481
1240
1241
424
1242
1131
340
1024
72
616
1136
1243
1244
333
53
1245
1246
332
1247
1248
999
1249
420
1142
1056
1143
407
314
1008
1250
1011
1145
1251
1252
1001
346
1146
996
612
325
1253
1254
980
342
29
1255
388
350
1256
509
1151
356
666
21
1152
339
67
104
354
1158
1257
1258
968
468
939
482
109
1159
1259
1160
1260
1162
938
1163
1261
1262
1166
338
1167
372
906
936
1168
1263
1264
18
1265
904
341
80
1030
1039
941
515
397
1169
1266
1267
1268
1269
357
979
920
1270
1271
1272
1273
977
302
925
52
684
1178
1274
1275
1276
348
914
319
1277
400
328
985
28
1180
1278
1279
1038
317
1280
606
320
898
1184
1281
1282
1283
1284
15
1285
1286
403
1287
1189
1288
1289
1193
1290
1194
94
1291
1292
1293
1294
1198
1295
1200
1296
1297
1204
1205
1298
1299
431
1207
1300
618
1301
1209
78
380
1302
1212
1303
1304
1305
455
1306
1307
1216
1308
1309
1310
1311
935
958
1312
1313
1159
1314
1315
1316
1317
1215
1166
1211
61
1318
1319
1320
999
1321
1217
1322
123
1323
401
63
1324
489
1053
372
417
65
385
1325
380
354
332
325
1326
1123
322
702
359
423
433
899
1031
384
418
1327
1328
914
506
345
1329
370
1125
317
420
1073
357
1330
1331
337
1145
950
300
37
1077
397
1084
1024
426
1121
1068
1110
993
721
1142
484
1071
339
1332
356
83
437
446
684
335
467
913
1163
606
318
711
1333
509
483
1131
937
389
1038
366
1334
490
1089
67
1335
416
1336
1337
468
320
1302
364
1338
404
984
18
441
1095
1143
1199
1339
965
419
929
1060
1059
1340
699
481
719
1341
1300
1226
334
425
1200
1104
475
531
388
1342
1167
1343
342
1344
1345
948
902
336
1094
1346
1347
466
405
1015
1008
346
288
1348
328
361
1076
1130
363
599
1349
52
917
338
104
304
973
1350
970
350
1351
1352
1353
1354
1355
1356
1357
1249
1358
1245
1359
72
1152
1209
1360
1361
1195
926
1362
940
979
982
1363
1364
1365
1366
341
407
299
1050
1367
1091
1278
2
1368
1049
1151
1194
1369
1235
1370
1371
1372
906
1030
949
101
963
33
1373
493
1374
1375
1298
1376
1092
1065
1377
1146
1378
1379
1003
1011
1380
461
1381
144
1238
1191
1382
1383
1384
53
1043
1385
1386
1156
1387
1388
975
976
1389
969
1390
1391
1392
1393
1307
945
1394
1395
1212
1396
1397
1242
1398
1399
707
1400
1401
1402
1403
1404
1405
1406
1407
1408
1027
1409
1410
1227
994
1082
1411
962
1218
1412
1413
1223
371
1090
1414
1415
1416
83
385
336
315
1227
1417
24
1418
8
1419
1420
1340
711
427
1421
1422
1057
1423
1232
1424
34
36
1425
428
401
1108
1426
1236
1427
318
1118
1428
1429
604
562
531
580
93
1430
1431
443
404
1238
421
335
389
481
424
1032
137
1242
1432
1433
1434
599
1025
340
1133
1024
1435
1436
1437
1438
1439
1440
72
473
1016
508
1137
14
1441
1442
1443
539
25
1248
1444
420
463
322
407
314
369
1445
1446
325
556
453
685
388
350
509
1447
709
1448
286
1449
1450
668
405
414
1451
956
482
109
1452
1453
1454
73
77
1455
1456
1457
1161
1342
1162
1326
1163
1458
338
1459
1460
982
410
479
967
1264
483
1461
506
80
1462
398
1463
1044
1464
1465
41
1271
1466
1467
581
533
460
510
1076
429
345
52
1468
1469
1275
1470
319
328
597
28
1471
564
487
1472
320
898
1473
1474
1290
448
1293
1475
489
1476
1477
1208
1478
497
1479
1308
1480
534
123
1223
1481
1482
1224
1483
35
1321
545
140
1070
336
1080
446
933
1097
1484
711
396
399
1100
416
1485
1102
129
461
1423
1233
334
364
1486
1104
366
363
1234
1487
1106
395
1488
355
1110
1111
318
1050
1113
1116
1489
48
1490
1117
1491
531
493
1123
63
404
1124
1125
1126
335
1128
1240
1241
424
1025
340
1435
1438
72
473
1136
1492
53
1493
1088
332
1085
337
999
1249
324
420
1142
1143
1007
407
314
1250
1145
346
325
1494
1149
342
388
350
734
1151
356
984
1495
730
666
1152
339
1153
67
286
104
1496
391
354
970
124
968
405
468
1259
1160
1260
338
1167
1459
372
906
982
1040
1497
361
950
1369
341
118
952
80
1030
457
368
515
494
1498
1266
459
1499
1500
977
345
467
302
52
348
1501
319
400
328
985
378
121
458
28
1179
1471
1279
317
1502
1280
1182
1183
16
320
1037
1184
1185
1503
1188
1285
403
1189
1194
94
1291
1292
1504
1505
1198
1202
1506
1205
1507
1300
1508
1209
1317
1509
721
380
1302
1304
1214
1215
1510
1412
1413
1223
1414
1415
1416
83
385
336
1227
24
1418
8
1419
1420
1340
427
1421
1422
1424
34
36
1425
428
1108
1426
318
1118
1428
604
562
580
93
1430
421
389
481
424
1242
1432
1433
1434
599
1025
1024
1436
1437
1438
1439
1440
72
473
508
1244
1137
53
14
1441
1442
1443
539
25
1248
1444
324
420
463
322
314
1445
1446
1511
453
685
388
350
1447
286
1449
1450
405
414
1451
956
482
109
1452
1453
1454
73
77
1455
1456
1342
1162
410
80
1462
398
1465
41
1271
1467
581
533
460
510
429
345
1468
1275
597
28
1471
564
487
320
898
1473
1474
1290
448
1293
1475
489
1476
1208
1478
497
1479
1480
534
1223
1482
1224
1321
1512
1513
1514
1515
83
385
574
573
315
926
62
1516
446
1517
1340
1099
65
1518
727
1362
327
1519
1520
1521
1522
475
1523
57
1486
1524
1234
1525
1052
1526
1527
423
321
395
1347
454
1110
1111
1528
729
318
48
1529
408
714
1054
92
1530
1531
1532
1336
424
1533
1032
1534
1535
1024
333
53
384
359
370
120
1536
1085
337
1537
1355
324
725
1538
1014
330
1539
466
463
322
451
407
1540
470
412
491
314
1006
712
1541
442
1145
1542
995
1543
1544
1495
709
666
1545
21
1546
1153
432
391
1547
1548
1549
1550
124
707
405
1551
1451
1552
482
951
965
1553
1326
1164
361
1554
964
1555
1556
1263
483
950
718
1343
114
952
80
1557
1169
45
1558
1044
459
1464
979
1272
1318
977
510
429
345
467
52
684
1559
908
1275
914
319
378
121
458
28
1471
564
1180
1398
916
487
1560
1561
1562
419
490
16
320
435
304
1563
1346
907
1331
1348
1564
1565
1192
1291
1566
448
1567
1568
1371
1196
1569
1337
1570
1295
1476
1199
1571
900
1368
1572
1573
1574
1575
1478
497
1576
78
380
1577
1578
1579
1580
1581
1582
1583
1584
1585
1586
1587
1588
1224
371
1589
1091
297
1414
1416
1590
83
95
88
385
480
1591
1072
574
315
1517
465
126
1228
8
1592
737
1097
449
711
1065
1421
1593
1594
1422
1101
1102
418
1232
327
1055
1595
1596
1597
423
433
1598
1599
321
1334
1047
1600
1114
1115
1116
1601
1602
604
93
1430
1603
408
1604
425
63
963
443
1605
1606
1607
1608
481
1031
424
1609
1019
1026
441
1077
340
1610
1024
72
53
456
14
119
337
420
1611
322
314
369
1009
442
1145
1612
75
1613
1614
1615
1616
440
987
1150
730
339
67
104
1155
1617
970
1618
968
405
414
1619
956
482
109
1455
1161
1378
1620
1374
417
1621
410
1168
361
1554
1264
483
1622
1623
341
1384
80
1624
1169
398
1625
494
1269
1626
1627
459
1464
1465
357
932
1628
1175
1629
581
929
429
345
1275
319
1277
400
328
1341
426
121
28
317
913
419
16
435
1630
1564
532
489
1295
1631
1574
1632
1300
380
1303
1633
1409
1584
1585
140
1634
1416
83
88
336
8
1420
1340
427
1421
1593
1422
57
1595
428
1108
1426
1635
1427
1428
1429
604
562
531
93
1430
408
421
1636
335
1242
111
1637
1434
1638
1019
599
1025
1639
1438
72
1244
53
384
1442
1443
539
25
1248
451
314
1640
1252
1511
453
685
499
286
124
956
468
482
1453
1454
73
1455
1058
410
361
506
80
941
1044
352
85
1173
1641
41
1271
581
533
460
1642
1643
1644
1275
319
597
121
28
320
1473
1474
1475
489
1198
1571
670
1206
431
1645
497
1479
1646
1412
1223
1481
1647
371
1514
1515
1090
1648
1649
1079
336
315
465
8
933
1484
396
399
416
1650
65
1101
129
461
1651
334
1522
364
366
363
1234
428
401
321
355
1111
739
318
1115
1116
1119
493
1123
63
404
421
316
1530
1127
1029
335
389
424
1652
1025
340
1132
72
473
1136
333
53
359
370
125
1653
332
1141
1085
1247
337
999
1249
1142
1056
314
1008
1654
1145
346
325
1149
342
388
350
1655
1656
356
339
67
432
1154
104
1657
354
971
968
468
4
1553
1658
1326
1659
1660
338
361
341
80
1030
1021
1462
368
941
515
397
1661
940
45
352
1662
1663
553
977
345
1664
52
348
319
400
328
597
121
28
317
606
1182
639
419
320
1282
1187
1665
403
1287
1366
1666
1194
94
1667
1294
1202
1668
1300
122
1508
1209
1509
1669
1308
1223
1482
1224
1321
1512
1513
1514
1515
1649
83
385
336
574
573
926
62
1516
446
1340
65
1518
727
1362
327
1521
1522
1523
57
1486
1524
1525
1052
1526
1527
423
395
355
1110
1111
318
48
1529
408
1054
92
1530
1531
1532
1336
1533
1032
1534
1535
1024
333
53
384
359
370
120
456
1536
1085
337
1537
1355
324
1538
420
1014
330
1539
322
407
470
412
314
712
442
1542
995
1543
1544
1495
709
1545
21
1546
1153
432
391
1547
1548
970
1549
1550
124
707
405
951
965
1553
1326
1164
361
1554
964
1555
1556
1263
483
1343
114
952
80
1557
1169
45
1558
1044
1173
979
1318
510
429
345
467
302
52
684
1559
985
121
458
28
564
1180
1398
1560
1561
1562
490
320
435
1563
1346
907
1331
1348
1564
1565
1192
1291
1566
532
1371
1570
1476
1571
1368
1573
1574
1575
1478
1576
78
380
1577
1578
1580
1581
1582
1584
1587
1588
1322
123
1670
371
1589
1091
1671
1590
83
95
385
480
1591
315
1080
446
465
1672
126
933
711
396
1102
727
129
418
1232
327
1519
1520
323
1486
1055
1108
321
739
1050
1118
1673
408
1605
421
107
1606
1054
316
947
92
1674
717
1675
1608
1676
1026
441
1077
1610
72
53
384
120
125
119
1085
337
330
1539
322
451
314
369
130
1005
442
1511
1615
440
1543
730
339
1546
67
919
432
286
1547
1617
405
414
956
109
1677
966
1678
1679
1378
1680
1374
417
372
1621
479
1554
1369
1384
952
80
398
1681
1464
462
357
1499
932
429
345
319
426
121
28
1682
317
1683
320
435
1332
403
1564
1684
1685
1686
1687
489
900
1688
1631
380
1302
1633
1585
1093
336
1094
446
8
1069
711
396
1099
399
129
1103
461
334
364
1104
366
363
1106
1107
1108
1109
355
1113
1115
112
1123
63
1124
1125
421
1126
1127
335
389
481
1133
1136
53
332
420
1142
1143
1012
1145
1147
325
1149
342
388
350
734
1151
356
1152
339
1153
67
104
354
971
1160
1163
338
1167
937
372
906
904
962
341
80
1030
368
397
1169
302
1176
925
52
348
319
1179
1180
317
1181
16
320
1037
1184
1185
1186
55
1187
403
1192
1194
94
1196
1197
1199
1203
1205
1206
1207
1209
1211
1215
1216
1412
1222
1223
1483
140
1513
46
1089
1689
1091
1690
705
1649
1634
1671
385
136
1691
1093
315
1080
446
1692
24
1071
1064
1693
1694
1695
1696
727
1103
327
1519
1233
1388
917
1486
363
1053
423
484
433
1599
1236
729
739
1334
1047
1115
1489
1429
633
408
1123
1697
404
947
1532
335
699
424
1698
1609
300
548
1131
441
1699
1534
382
616
1700
473
333
125
456
324
725
420
1056
1611
1143
1007
330
322
1002
1701
369
1401
130
712
1250
726
1005
1702
648
442
1703
995
1028
440
1704
984
1495
730
666
21
339
1705
67
1154
354
971
405
414
939
1086
1329
1706
1707
1658
1338
1163
1458
1708
1046
417
372
1621
958
410
950
1622
1265
506
957
1343
118
952
80
17
1709
944
1169
1710
1465
1173
920
1711
1662
1712
977
1713
467
1664
925
1178
319
1277
328
426
121
28
913
1714
916
915
320
437
1715
1283
1716
1187
1395
1564
1717
1565
1718
448
1293
1339
1570
1719
1199
1720
1202
1316
1205
1574
1328
1508
1721
380
1302
1579
1633
1722
1723
1308
1724
1725
1726
1727
84
1649
1072
336
315
1484
396
399
416
1101
129
461
334
364
366
363
395
355
318
1119
63
404
421
316
1530
335
389
1025
340
1132
72
473
1136
333
53
359
370
456
1653
332
337
999
1249
1142
1056
1539
407
314
1654
1145
346
325
1149
342
388
350
1655
356
339
67
104
354
468
4
1728
338
1168
361
1369
341
80
368
515
397
45
357
1663
977
52
348
319
400
328
28
317
320
1187
1665
403
1666
1194
94
1198
1202
1668
1300
1209
1509
1319
1669
1308
1321
1647
1729
371
1730
1731
83
95
88
385
480
315
1732
1733
1734
1419
1735
1420
1736
1737
1738
61
418
1739
1053
1740
423
484
321
395
1047
676
1045
1741
408
1604
1605
1742
1127
1743
394
699
1744
1745
441
1077
1746
1435
72
1747
1748
1749
1750
436
53
456
1247
1751
324
322
314
369
1250
998
75
586
413
730
1752
1753
1547
405
414
1551
486
109
1658
1754
961
417
1755
959
410
479
361
1756
1757
483
568
1758
1343
952
80
1624
1759
1462
1760
398
494
1171
589
588
357
1173
406
1272
929
429
345
1761
561
492
1762
28
1471
1682
1763
1764
913
1765
1766
320
591
435
1767
1563
1287
1564
1293
532
1295
1688
1631
1768
431
1769
1303
1633
1724
1585
393
1770
1771
1772
1773
1774
1775
1776
383
1777
558
1778
26
1779
1780
1781
1782
1783
1784
1785
1786
1787
1788
1789
1790
1791
1792
1793
1794
1795
358
1796
1797
331
1798
1799
1800
1801
1802
1803
1804
1805
1806
1807
1808
1223
84
1515
1648
336
574
315
1080
711
396
129
461
334
364
366
363
1106
321
355
318
1050
112
1116
493
1123
63
404
1125
1809
1810
1652
473
1136
53
332
1142
451
314
1010
1145
346
325
1151
356
1152
339
1153
67
354
1811
405
414
1552
1162
1326
338
372
81
341
952
80
1039
515
397
1626
345
52
348
328
1341
28
317
913
1812
1280
606
320
1037
1184
1185
1357
1813
403
1382
1189
94
1294
1295
1199
1214
1814
1815
1412
123
371
46
1816
1649
1692
126
24
37
427
1061
1817
129
1103
461
418
475
1524
1818
1424
36
40
1108
1426
1110
1111
1113
562
1819
1652
599
1820
1438
1439
72
456
1087
463
322
1011
1615
440
1821
685
499
342
388
350
509
730
432
1822
1450
668
414
468
1823
1454
372
361
101
506
1408
80
1557
1271
1824
460
1076
429
492
28
1471
487
1825
606
320
905
1826
1827
94
1351
1475
1828
1631
1223
371
1414
96
88
1692
1418
1829
1340
1064
427
1421
1422
418
327
334
1595
428
1108
1426
321
1635
1830
454
729
1118
1673
1428
604
633
562
93
1430
408
1123
63
1697
1126
1636
389
424
1434
1638
1019
599
441
1831
1438
1832
72
53
1442
1443
539
25
324
330
322
407
470
314
346
995
1511
1821
1543
453
685
499
1149
1705
432
286
104
1550
1833
956
482
109
1453
1454
1455
1456
1161
1621
950
1834
80
1044
357
935
1835
581
460
345
348
597
28
1562
320
1563
1473
1358
1718
1685
489
1836
670
1206
497
1479
1308
1222
1225
371
705
95
926
8
1837
711
427
1838
1421
1839
1101
418
36
40
1840
428
401
1109
112
1429
100
1491
493
580
1430
1819
1123
443
1027
111
1352
1432
1433
1637
1841
1434
1745
1131
441
1024
1436
1639
1438
473
1136
702
370
332
1443
539
25
324
420
1143
330
466
451
407
412
491
314
1006
1005
1842
993
556
453
685
356
709
286
1548
405
1452
1454
1455
1456
1457
1342
1162
1046
906
410
479
483
950
1265
341
80
1170
1843
357
1824
1844
460
1353
492
564
437
905
1563
898
1564
1566
1845
1506
670
431
1575
1846
1409
705
1847
83
95
1080
62
1229
1096
711
427
1099
1101
461
418
1362
327
1651
1519
475
323
364
1104
1487
401
1848
1108
1426
395
739
318
1050
1489
51
1849
531
408
714
316
1810
989
1850
473
1136
359
370
456
1851
1015
1852
119
337
324
330
1539
466
463
322
451
470
1002
412
491
314
369
991
388
666
1545
339
67
432
1853
1854
1450
405
1451
956
468
482
1160
1342
1162
1459
1374
372
410
1554
955
341
118
1034
459
1464
1272
429
1274
908
1855
319
985
121
458
28
1682
1856
916
419
320
1332
1857
1858
1348
1564
1859
448
1686
1570
1860
900
1572
1507
1861
497
1072
336
1094
446
933
396
399
129
334
364
366
1049
363
1106
355
318
493
1123
63
404
1125
335
333
53
332
1142
346
325
1149
342
388
350
1151
356
1153
67
1862
104
391
354
971
1159
338
372
361
1863
341
80
368
397
977
345
302
52
348
914
1501
319
400
328
28
1179
317
1280
320
1864
403
1865
1189
1507
1508
1209
721
1866
1215
1867
95
1868
62
446
1693
1362
327
1519
1104
1487
1595
428
1869
1848
321
454
729
318
1334
1047
1116
1489
1870
714
443
1242
473
1136
359
456
1851
539
1539
466
1002
314
976
666
1152
67
432
1549
1871
124
405
414
1451
956
482
109
1553
1342
1162
1374
1872
718
955
1034
1873
352
1173
1272
1274
319
378
28
1682
317
916
1874
915
1875
304
1876
1858
1285
1859
1570
1295
1877
1878
1668
1507
306
380
1303
1879
1880
1881
1670
1226
136
1691
1093
336
1094
8
711
399
416
129
327
334
364
1104
366
1049
363
1236
355
1111
318
1882
112
48
1121
1883
1123
63
1125
421
1126
1239
481
424
53
332
420
1142
369
1145
612
325
342
388
1151
339
1153
67
286
104
354
468
1884
1262
338
1167
1885
372
982
341
397
1176
52
1178
328
317
1280
320
1282
403
1719
1202
1205
1206
1209
78
1302
1223
1321
1649
83
573
65
1518
327
1521
321
395
318
48
1054
1031
1032
1534
1024
333
384
370
337
324
1538
420
1886
330
1539
322
407
470
314
1006
442
1543
391
1548
1871
707
405
4
965
1326
1168
361
1554
1555
1556
1263
952
1044
1272
510
345
467
52
121
458
28
564
1180
1561
1562
907
1565
1192
489
1570
1476
1573
1509
1578
1633
1584
1587
1223
1483
1070
46
95
315
126
24
933
37
427
903
129
323
1524
1424
36
395
1887
1673
1491
493
424
1744
599
1248
894
324
330
322
314
369
1888
685
509
286
1496
1450
668
405
1553
506
957
80
1498
1889
1843
357
1174
41
1663
533
1076
429
597
458
28
916
487
1890
320
898
94
899
1208
1412
1091
62
1097
711
399
416
1594
334
363
1106
401
355
729
531
493
63
1125
1674
1029
1336
1025
1088
1363
1247
337
324
322
451
1145
33
325
440
685
1151
1153
67
286
354
1158
124
405
1551
1259
1455
1260
81
361
80
1169
979
1663
928
345
467
302
52
1177
328
28
317
1714
1280
1182
320
1285
403
1891
1475
532
1719
1368
1205
1209
1214
1724
385
1072
336
465
427
1101
727
1362
327
1651
1519
922
36
1840
1892
321
395
318
408
714
947
335
120
456
337
1444
324
330
466
463
322
451
412
491
314
442
995
1893
709
339
67
432
1450
405
1455
1160
906
1168
361
1343
952
80
1034
459
1464
932
1272
429
52
684
492
1501
319
378
121
458
28
1856
916
419
320
1864
1185
1684
448
1568
1295
1894
497
380
1633
1313
589
1226
336
1094
8
711
416
129
334
364
1104
366
1049
363
1236
355
1111
112
48
1883
1123
63
1125
421
1126
1239
481
424
53
332
420
1142
369
1145
612
325
342
388
1151
339
1153
67
1862
104
354
468
1884
1262
338
1167
1885
372
982
341
397
52
1178
328
317
1280
320
1282
403
1719
1205
78
1302
371
1515
1689
96
88
385
1895
1517
1420
711
396
129
418
1896
1334
1047
1116
408
1239
548
1024
1850
1897
456
14
337
324
420
322
314
1009
1008
1898
1616
339
67
432
1618
405
414
468
1658
1678
1708
1168
361
18
1622
1369
80
1169
398
357
1173
553
929
510
429
345
1664
684
319
28
1471
317
320
403
1899
1900
1569
1368
1204
1901
380
1302
123
385
1072
1080
62
126
327
1651
1055
321
739
1334
421
1240
1130
473
359
1653
1015
337
324
314
1008
1615
666
405
414
1160
1679
1459
417
479
361
80
357
1173
429
345
52
348
121
28
916
419
320
1687
489
1836
1894
1575
1633
1089
315
1330
126
8
1099
1100
65
1902
1101
1518
1423
418
423
484
1892
321
355
1350
112
1490
1903
51
421
1126
1904
424
1129
1131
125
14
324
420
1143
463
322
451
314
369
1145
1616
388
1495
1152
1546
1905
482
959
361
1264
483
1624
1906
1907
1353
1410
1642
467
319
400
1341
28
1908
1180
916
16
1197
1200
306
1304
455
545
140
1816
1414
83
1094
1517
126
933
418
401
1896
1848
454
1909
1112
1047
1605
1238
1530
1031
424
1242
1744
548
441
340
333
359
370
1653
1493
330
322
451
407
470
314
369
1009
1008
1541
1898
585
1910
1494
1616
1911
1154
1912
1618
1552
1728
965
1161
1162
1620
410
479
361
1264
483
1863
80
1462
940
932
1173
920
553
1393
429
345
1274
1501
1562
320
1913
1857
403
1914
1899
1900
1337
1476
1210
1901
1915
1633
1585
1916
545
1513
1090
1091
1648
1917
1590
1591
1226
1895
336
1868
1918
1919
926
1078
1920
1516
24
1229
1829
1921
1922
1923
737
1737
1837
1064
427
416
65
1924
1902
903
1485
1101
1315
1232
1233
1049
1235
40
1596
1527
433
1869
1599
1109
355
1925
1490
100
493
1819
144
443
1127
389
481
1128
699
1336
424
1698
111
1433
1637
1434
1926
1927
1745
548
1928
441
1023
1323
340
1929
1437
1639
1820
1439
1440
1356
1930
1749
1244
1653
1493
1931
1932
332
1087
1933
1537
420
1142
1934
1935
1936
1011
1937
1938
1612
1939
1898
1252
1888
325
995
974
1494
556
1704
661
1940
1149
1941
342
29
1373
1942
1449
1657
1548
1157
1811
1943
1944
1945
1946
1947
1948
1258
931
1949
1452
1950
1453
1823
1706
1457
1160
1707
1951
1952
1162
1953
938
1954
1164
1660
1166
338
1460
946
1041
1955
361
1956
967
483
1461
957
1957
1958
341
1709
1959
1039
397
1960
494
1498
1961
1962
940
1463
1018
1889
1843
1963
583
589
587
588
1628
1964
288
973
1965
1663
1353
1393
1966
1967
1642
1643
684
1968
348
597
291
293
1360
1875
905
1913
1969
1827
35
84
1079
1078
62
446
24
37
1064
399
416
298
59
1060
1059
475
423
484
1050
493
1045
425
63
963
404
927
441
1022
1017
1024
1136
1068
333
702
384
359
1015
1085
337
1007
1008
1006
1005
910
442
33
612
974
1616
342
976
1155
975
970
971
414
1086
965
937
417
906
958
361
957
904
718
954
945
943
1039
940
357
960
85
1824
929
977
1076
925
348
328
121
317
606
490
1970
1971
1382
1348
1191
1826
1195
1391
1337
1383
1972
1973
1206
1846
1209
1211
721
1302
1915
1407
1412
95
315
1974
1922
449
334
1520
1388
364
1118
1673
1428
408
63
641
424
1975
1745
1976
72
1135
1136
1068
456
420
1012
330
314
369
29
432
286
405
414
468
361
934
1173
1466
319
28
317
320
403
1366
1193
1719
1202
1574
455
1977
1309
371
315
24
427
129
418
1232
1362
327
1651
1234
1978
454
729
1113
1122
408
443
316
1674
1024
53
337
463
322
451
314
442
1145
1380
556
499
1149
342
388
67
432
286
124
971
405
1160
417
372
718
80
397
1169
1626
1627
459
429
345
52
28
1471
564
317
1185
1666
94
448
1894
1814
83
95
62
1229
427
1099
1101
461
418
1362
327
1651
1519
475
323
364
1487
401
1108
1426
395
739
318
1050
1489
51
1849
408
714
316
1810
989
1850
473
1136
359
370
1851
1015
1852
337
324
330
1539
466
463
322
451
470
412
491
314
369
991
388
666
339
67
432
1853
1450
1451
956
482
1342
1459
1374
410
1554
952
1034
459
1464
908
1855
319
121
458
28
1856
916
419
1857
1348
1564
1859
448
1686
1570
1860
900
1572
1507
497
1362
327
1651
1519
321
318
714
337
324
330
466
463
322
451
412
491
314
432
405
361
1343
952
80
1034
459
1464
121
28
419
448
1633
1321
371
46
1091
480
315
1080
465
126
24
1232
321
1118
408
443
1607
316
1674
717
699
337
322
451
314
369
130
1005
1615
556
67
286
1449
405
1162
1374
417
372
479
1757
80
398
1979
459
1464
357
429
319
28
915
419
1980
435
1186
1564
1981
1691
1079
1093
1227
711
418
334
318
1050
408
1123
421
1031
332
1142
314
1008
1145
33
325
1253
1254
350
1151
1152
67
354
1618
124
405
1166
937
1955
1030
1462
1169
979
1663
429
345
52
1501
319
317
437
1293
1982
1983
1304
1816
1092
1847
385
62
126
24
933
449
37
1984
1818
428
1426
739
493
93
1430
1035
963
1985
1697
1609
53
1248
725
1004
527
453
685
509
356
1986
970
1706
1456
1458
1040
483
506
80
1173
460
294
1331
1914
1198
1202
1210
1915
1987
1988
1220
1989
371
1091
385
480
574
315
465
126
449
522
727
1423
327
334
363
1109
321
1111
1047
1887
1990
408
1123
1608
335
1745
1077
1136
420
451
369
1616
661
987
1495
1942
432
286
1617
1157
405
468
109
1160
410
1168
957
80
1624
1760
398
1710
1463
1626
1627
1629
1991
345
467
348
492
319
16
1992
1993
1202
455
1321
46
1416
1590
83
95
480
1994
416
1232
423
484
1892
433
604
1603
408
443
699
332
325
556
1995
405
414
959
410
457
368
581
435
1223
336
427
1061
428
1117
93
63
421
1636
508
322
1450
80
1681
460
317
1293
1208
1219
1227
8
63
1125
421
999
1249
1444
612
1147
372
80
320
1715
1312
336
8
59
334
112
63
1125
421
53
1253
1254
1262
80
1663
317
1670
1000
371
1648
83
95
385
480
315
1420
1421
1061
1102
323
1996
321
1114
1045
408
1604
1652
441
1747
359
370
420
330
322
412
314
1250
998
33
585
666
67
1547
414
368
398
1390
1979
1272
1712
1076
345
1664
52
319
985
28
1278
1682
913
294
419
1503
1687
1997
380
455
1998
1588
46
126
24
933
37
427
903
129
323
1524
1424
36
1744
599
1248
894
324
322
314
1888
685
509
1450
405
1553
506
1889
533
1076
429
345
597
458
28
916
1890
898
899
123
371
1091
1080
465
1672
327
323
1055
321
739
421
1126
1240
359
456
1653
1008
75
1615
1543
1546
1155
414
966
1679
479
80
932
348
1277
400
328
121
320
1687
1894
1575
418
318
1118
1123
335
333
1852
322
451
1153
67
405
414
952
80
914
28
320
1864
1564
1293
545
136
315
433
548
1024
1653
14
420
369
1009
1008
1145
1898
1616
414
468
1167
361
950
80
1663
553
1999
532
1202
1304
1577
2000
1633
83
95
62
1229
427
1099
1101
461
418
1362
327
1651
1519
475
323
364
1487
401
1108
1426
395
739
318
1050
1489
51
1849
408
714
316
1810
989
1850
473
1136
359
370
1851
1015
1852
337
324
330
1539
466
463
322
451
470
412
491
314
369
991
388
666
339
67
432
1853
1450
1451
956
482
1342
1459
1374
410
1554
1034
459
1464
908
1855
319
121
458
28
916
419
1857
1348
1564
1859
448
1686
1570
1860
900
1572
1507
497
1515
1649
1226
336
574
315
1080
446
449
129
334
364
363
1106
355
1870
63
404
1125
1809
316
1810
424
2001
332
1248
1249
1538
451
314
1010
1146
612
325
356
339
67
391
354
1811
707
1375
1162
1338
338
1167
982
1263
1757
341
80
1268
1626
1270
52
328
458
28
1278
317
320
898
1357
1813
94
1199
1297
1299
1768
1982
1815
1310
2002
371
315
2003
2004
1607
359
370
1851
491
1614
991
730
417
952
80
2005
336
1094
446
396
399
129
334
364
366
1049
363
355
493
1123
63
1125
335
333
332
1142
346
325
1149
342
388
350
356
1153
1862
104
391
338
372
1863
368
977
345
302
52
914
1501
319
400
328
317
320
1864
403
1189
1507
1209
721
1866
1867
336
1080
427
129
334
1425
428
1119
604
580
93
1430
63
1636
1027
1352
1433
1434
1820
1438
1439
473
1442
1443
539
25
453
685
1256
1705
67
956
76
73
77
410
41
533
460
1076
317
915
320
1864
1473
1400
2006
1414
1415
1634
95
385
1226
336
1737
418
1996
1673
408
1744
340
616
1747
333
528
1249
463
322
412
314
1250
998
2007
585
1511
440
342
388
2008
1833
931
1160
1951
1952
961
410
1497
1757
1369
80
1318
345
52
378
28
1682
487
1899
1631
2009
1414
1416
95
385
336
315
933
2010
423
484
433
112
1121
641
1435
456
1611
322
451
412
1616
1326
80
398
352
1173
345
52
348
319
28
1890
1630
1189
1684
1768
721
1406
371
1589
1590
83
95
88
385
480
1591
315
465
321
1334
1600
1114
1602
604
1603
408
1604
425
1607
119
369
1009
2011
1614
440
730
405
414
1619
956
482
109
1374
417
410
1554
1384
398
1625
459
1464
357
1628
1629
581
929
426
435
1564
489
1633
1585
123
1223
545
84
371
83
95
480
1591
1072
315
465
1672
126
1420
1065
522
1595
321
1045
1603
408
1604
425
443
316
92
717
481
1336
548
441
53
125
322
314
369
33
1898
585
1615
440
342
1546
286
1547
414
109
479
1168
341
457
398
1390
1979
462
52
1277
28
1682
320
435
1564
1687
1688
1303
1633
1480
371
385
416
1421
1423
1896
1996
1109
408
443
1126
441
1077
1435
2012
332
33
325
1547
73
1951
1952
961
80
457
368
1267
2013
1268
1171
2014
2015
1979
1626
1627
920
1126
341
531
937
8
1136
421
1154
2016
343
2017
2018
653
2019
2020
2021
2022
1224
1070
62
1516
1592
711
396
416
1593
1423
334
364
366
1234
401
355
1114
48
1601
1242
300
1027
441
340
119
420
75
325
2023
987
356
1153
67
1496
391
1257
4
1259
1658
372
410
80
1709
494
1175
328
317
293
1502
1345
2024
431
1478
1222
1868
1922
416
1424
423
484
1488
318
1118
633
100
443
699
1637
370
332
1852
322
491
1910
1452
952
80
1709
494
1170
675
533
317
916
1864
532
1573
1478
497
764
826
155
889
155
169
889
866
742
186
881
186
881
874
186
881
874
178
178
861
881
155
865
861
154
795
780
890
203
165
193
172
161
169
169
161
165
193
174
785
161
890
161
886
193
218
161
172
890
886
874
161
748
169
178
156
161
890
165
169
161
893
890
162
161
153
208
874
172
890
181
861
153
178
826
811
155
159
890
748
890
862
890
159
172
890
169
874
174
176
159
169
161
890
165
741
204
218
748
161
201
155
170
204
218
177
185
157
172
179
890
211
203
161
161
174
886
176
843
161
874
169
161
888
866
890
161
153
178
826
811
218
161
172
890
181
174
206
893
172
172
800
748
862
785
874
169
161
886
218
802
155
170
785
757
169
161
170
182
155
188
865
785
886
172
785
169
161
157
159
155
180
175
174
155
178
757
203
161
890
741
161
161
204
218
890
181
174
886
176
161
169
161
161
185
748
169
161
748
188
174
178
153
811
748
161
890
184
165
176
174
178
811
153
826
808
741
186
893
171
172
893
161
208
890
886
874
171
155
177
169
161
193
165
193
161
161
890
890
161
169
893
170
172
174
185
169
161
890
169
874
218
174
178
153
826
189
174
172
208
159
170
156
175
886
785
154
757
161
159
157
155
185
154
890
161
165
169
193
178
161
890
169
161
174
893
205
874
169
203
171
156
891
756
176
178
174
153
826
748
204
218
181
169
161
867
885
161
169
161
203
169
161
829
214
874
886
890
204
874
157
172
174
176
206
158
181
890
165
829
193
748
185
174
181
153
178
826
811
748
161
163
169
161
161
757
203
193
185
174
176
206
215
176
215
178
785
890
169
161
193
206
174
206
829
752
155
829
188
890
874
161
890
161
161
178
172
785
785
171
181
187
764
204
890
886
169
874
208
165
193
748
184
184
170
172
161
874
874
204
218
874
161
169
172
157
172
161
172
172
890
175
757
161
169
161
874
748
161
890
741
886
155
174
886
176
174
159
172
170
218
890
174
181
153
785
178
826
748
172
159
170
155
188
874
176
169
874
881
874
826
186
881
874
186
881
161
169
161
174
174
181
153
178
826
748
171
176
174
174
184
889
756
862
862
176
890
767
800
885
165
182
155
185
802
155
161
874
169
161
780
176
208
890
890
866
163
208
874
165
193
893
811
874
874
155
866
185
208
193
874
172
193
172
174
193
182
181
756
885
165
159
764
161
874
176
174
886
176
874
172
218
161
163
158
874
874
874
172
155
193
176
176
174
176
889
172
196
889
890
171
171
171
203
160
208
161
876
874
891
890
764
165
193
184
886
203
785
155
169
161
203
203
889
169
208
186
881
874
785
748
890
193
782
748
889
211
155
764
155
155
874
155
176
184
155
802
889
218
154
181
205
874
890
890
890
890
174
181
208
811
785
752
764
181
