2
2
2
2
2
2
2
2
2
2
2
2
2
2
2
2
2
2
2
2
2
2
2
2
2
2
2
2
2
2
2
2
35
35
35
35
35
35
35
35
35
35
35
35
35
35
35
35
35
35
35
35
35
35
35
35
35
35
35
35
35
35
35
35
35
35
35
35
35
35
35
35
35
35
35
35
35
35
35
35
35
35
35
35
35
35
35
35
35
35
35
35
35
35
35
35
35
35
35
35
35
35
35
35
35
35
35
35
35
35
35
35
35
35
35
35
35
35
35
35
35
35
35
35
35
35
35
35
35
35
35
35
35
35
35
35
35
35
35
35
35
35
35
35
35
35
35
35
35
35
35
35
35
35
35
35
35
35
35
35
35
35
35
35
35
35
35
35
35
35
35
35
35
35
35
35
35
35
35
35
35
35
35
35
35
35
35
35
35
35
35
35
35
35
35
35
35
35
35
35
35
35
35
35
35
35
35
35
35
35
35
35
35
35
35
35
35
35
220
220
220
220
220
220
220
220
220
220
220
220
220
220
220
220
220
220
220
220
220
220
220
220
220
220
220
220
220
220
220
220
220
220
220
220
220
220
220
220
220
220
220
220
220
220
220
220
220
220
220
220
220
220
220
220
220
220
220
220
220
220
220
220
220
220
220
220
220
220
220
220
220
220
220
220
220
220
220
220
220
220
220
220
220
220
220
220
220
220
220
231
231
231
231
231
231
231
231
231
231
240
240
240
240
240
240
240
240
240
240
240
240
240
240
240
240
240
240
240
240
240
240
240
240
240
240
240
240
240
240
240
240
240
240
240
240
240
240
240
240
240
240
240
240
240
240
240
240
240
240
281
281
281
281
281
281
281
281
290
290
290
290
290
290
290
290
290
290
290
290
290
290
290
290
290
290
290
290
290
290
290
290
290
290
290
290
290
290
290
290
290
290
290
290
290
290
290
290
290
290
290
290
290
290
290
290
290
290
290
290
290
290
290
290
290
290
290
290
290
290
290
290
290
290
290
290
290
290
290
290
290
290
290
290
290
290
290
290
290
290
290
290
290
290
290
290
290
290
290
290
290
290
290
290
290
290
290
290
290
290
290
290
290
290
290
290
290
290
290
290
290
290
290
290
381
381
381
381
381
381
381
381
381
381
381
381
381
381
381
381
381
381
381
381
381
381
381
381
381
381
381
381
381
381
381
381
381
381
381
381
381
381
381
381
381
381
381
381
381
381
381
381
381
381
381
381
381
381
381
381
381
381
381
381
381
381
381
381
381
381
381
381
381
381
381
381
381
381
381
381
381
381
448
450
450
451
451
452
453
454
455
456
455
452
457
458
459
457
460
459
461
462
463
462
464
465
466
467
453
468
469
470
471
472
473
474
475
476
477
478
479
480
481
482
483
483
484
485
456
486
487
488
489
490
491
486
492
493
494
495
496
497
497
498
499
499
500
501
502
503
504
505
492
506
507
477
508
484
509
510
511
512
513
514
515
516
517
518
519
499
520
501
496
469
498
471
521
522
523
524
525
526
527
524
456
528
482
530
531
532
533
534
535
536
537
538
539
540
541
542
543
544
545
546
547
548
549
550
551
552
553
554
555
556
557
558
559
536
560
561
562
563
542
564
565
566
567
568
569
570
571
572
546
573
574
575
576
577
578
579
580
581
582
583
584
552
585
554
586
587
588
589
590
591
592
593
594
557
533
596
597
598
599
600
601
602
603
604
605
606
607
608
609
610
611
612
591
557
613
615
611
617
534
618
559
619
620
536
560
539
542
621
564
565
567
570
622
545
572
546
596
623
547
624
575
577
625
626
580
581
550
552
627
585
554
628
629
602
630
591
593
594
631
557
615
632
633
634
635
636
637
638
563
568
639
640
641
642
571
613
643
644
645
591
646
647
648
594
649
650
651
652
557
653
655
533
656
657
658
659
660
620
536
538
661
662
663
544
664
570
596
548
600
603
604
665
649
666
662
591
548
667
668
669
670
671
672
673
674
675
676
677
678
679
680
681
682
683
684
685
686
687
688
689
690
691
692
693
694
695
