1
3
4
5
6
7
8
9
10
11
12
13
14
15
16
17
18
19
20
21
22
23
24
25
26
27
28
29
30
31
32
33
34
36
37
38
39
40
41
42
43
44
45
46
47
48
49
50
51
52
53
54
55
56
57
58
59
60
61
62
63
64
65
66
67
68
69
70
71
72
73
74
75
76
77
78
79
80
81
82
83
84
85
86
87
88
89
90
91
92
93
94
95
96
97
98
99
13
100
101
102
103
104
105
106
107
108
109
110
111
112
113
114
115
116
117
118
119
120
121
122
123
124
125
126
127
128
129
130
131
132
133
134
135
136
137
138
139
140
141
142
143
144
145
146
147
148
149
150
151
152
153
154
155
156
157
158
159
160
161
162
163
164
165
166
167
168
169
170
171
172
173
174
175
176
177
178
179
180
181
182
183
184
185
186
187
188
189
190
191
192
193
194
195
196
197
198
199
200
201
202
203
204
205
206
207
208
209
210
211
212
213
214
215
216
217
218
219
34
221
222
39
45
46
47
48
51
55
58
59
60
223
65
66
67
68
72
77
78
80
81
82
84
85
92
93
224
98
99
13
100
101
102
103
104
225
105
106
113
114
118
226
119
120
121
124
227
126
228
135
229
136
142
143
144
148
149
150
151
152
153
154
155
156
157
158
159
160
161
162
164
165
166
167
168
169
170
171
176
184
186
188
198
203
210
211
217
218
219
230
232
233
234
8
235
236
229
237
238
239
241
36
242
243
244
3
4
245
5
6
246
247
248
249
250
234
8
10
251
252
253
254
255
256
257
258
259
260
261
262
13
15
263
264
265
266
267
268
269
270
271
272
273
274
275
276
277
278
279
280
282
283
284
285
286
287
288
289
291
292
293
294
295
296
297
298
299
300
301
302
303
304
305
306
307
308
309
310
311
312
313
53
314
234
315
316
317
318
319
12
320
321
322
323
95
324
96
97
325
326
327
328
329
330
331
332
16
333
334
335
336
122
337
18
129
130
131
171
172
23
24
25
338
339
340
341
342
343
344
345
346
347
348
175
349
350
351
352
353
354
355
356
357
358
359
360
361
362
363
204
364
365
366
367
368
369
370
371
372
373
374
375
376
377
378
212
379
109
214
31
32
33
215
380
382
383
384
385
386
387
388
389
390
7
61
391
392
393
394
395
396
397
398
399
400
401
402
403
404
405
406
407
408
409
107
410
411
412
413
414
415
416
139
141
417
418
419
420
421
422
423
424
425
426
427
428
429
430
431
432
433
434
435
436
437
438
189
190
191
192
193
439
278
440
441
442
443
444
445
446
447
290
449
220
449
220
449
290
381
449
449
220
290
220
290
449
449
381
220
449
381
381
449
381
449
381
240
2
290
449
290
449
381
381
290
449
240
290
381
381
290
240
240
290
449
240
240
220
449
240
449
449
381
220
220
449
381
231
290
449
290
449
449
449
240
449
449
381
240
381
381
220
240
290
449
290
381
290
381
240
290
240
290
381
220
381
290
281
220
381
220
220
220
220
220
449
290
2
2
2
2
231
220
2
2
2
529
453
457
457
457
457
457
457
457
457
457
457
457
457
457
457
457
457
457
457
457
457
457
457
457
457
457
457
491
491
491
491
491
491
491
491
491
491
491
491
491
491
491
491
491
491
491
491
491
491
491
491
491
491
491
491
491
491
491
491
491
491
491
491
491
491
491
491
491
491
491
595
595
595
595
595
595
595
595
595
595
595
595
595
595
595
525
525
525
525
525
525
614
614
616
527
527
527
527
527
527
527
527
527
527
527
527
527
527
527
527
527
527
527
527
527
527
527
527
527
527
527
527
527
527
527
527
527
527
527
527
527
527
527
527
527
527
467
467
467
467
467
467
467
467
467
467
467
467
467
467
467
467
467
467
467
467
467
467
467
467
467
467
467
467
467
467
654
654
654
654
654
654
654
654
654
654
654
654
654
654
654
654
654
654
654
654
654
654
654
654
459
459
459
459
459
484
484
484
484
484
484
484
484
484
484
484
484
484
484
484
484
484
484
484
484
484
484
484
484
484
484
484
