1	2	577
1	3	458
1	2	467
1	2	454
1	3	531
1	3	635
1	3	527
1	2	487
1	2	552
3	1	448
3	1	665
3	1	685
3	1	579
3	1	499
3	3	231
4	2	577
4	3	481
4	2	487
4	3	568
4	3	543
4	3	653
4	3	381
5	1	448
5	1	665
5	2	577
5	1	685
5	1	579
5	3	676
5	3	491
5	2	661
5	1	629
6	1	448
6	2	486
6	2	454
6	2	496
6	2	470
6	2	563
6	2	572
7	2	577
7	3	632
7	3	494
7	2	531
7	3	557
8	3	672
8	3	468
8	3	570
8	2	507
8	2	577
8	3	231
9	3	512
9	3	644
9	3	458
9	2	577
9	3	570
9	3	689
9	2	689
10	1	448
10	2	484
10	3	644
10	3	683
10	3	676
10	2	635
10	3	625
10	2	577
11	1	448
11	2	598
11	2	519
11	2	577
11	2	680
11	2	581
11	2	632
11	2	544
12	2	577
12	2	531
12	3	494
12	3	512
12	2	454
12	2	487
12	2	598
12	2	552
13	2	577
13	2	552
13	2	633
13	1	448
13	3	507
13	3	538
14	1	448
14	1	665
14	2	661
14	1	579
14	1	685
14	2	552
14	3	568
15	2	661
15	1	448
15	3	494
15	3	633
15	3	481
15	3	504
15	3	240
16	2	487
16	2	661
16	3	231
17	3	555
17	3	512
17	2	661
17	3	549
17	3	455
17	2	598
17	3	542
18	2	577
18	3	492
18	3	653
18	3	570
18	3	581
19	1	448
19	3	458
19	2	577
19	2	552
19	3	512
19	2	661
19	3	659
20	1	448
20	2	577
20	3	231
21	1	448
21	3	458
21	2	454
21	3	632
21	2	577
21	3	587
21	2	531
21	3	484
22	1	448
22	3	512
22	3	676
22	2	220
23	1	448
23	2	577
23	2	487
23	3	465
23	3	512
23	3	494
23	3	220
24	3	555
24	2	577
24	3	466
24	2	507
24	2	661
24	3	512
24	3	633
24	3	681
24	3	481
25	3	512
25	3	689
25	3	494
25	3	455
25	3	617
25	3	531
25	3	525
25	2	619
25	3	598
26	2	577
26	2	633
26	2	661
26	2	454
26	3	512
26	2	552
26	3	644
27	1	448
27	2	633
27	3	512
27	2	487
27	2	552
27	3	568
27	3	464
28	2	675
28	2	552
28	3	666
28	3	497
28	2	602
28	3	477
29	1	448
29	1	665
29	1	658
29	2	577
29	2	547
29	3	578
29	2	487
29	3	642
30	2	577
30	3	555
30	2	661
30	2	531
30	3	576
30	2	615
30	2	454
30	2	552
31	2	577
31	2	552
31	3	512
31	3	635
31	3	557
32	1	448
32	2	531
32	2	577
32	3	649
32	2	454
32	2	552
33	1	448
33	2	290
34	1	448
34	2	552
34	2	577
34	3	494
34	2	661
34	2	487
34	3	231
36	2	661
36	3	568
36	2	552
36	2	675
36	3	494
36	2	487
36	3	644
37	1	448
37	2	487
37	3	576
37	3	512
37	2	525
37	3	466
37	2	467
37	3	634
37	3	541
37	2	633
38	3	512
38	1	448
38	2	577
38	3	494
38	2	531
38	3	570
38	3	631
39	3	549
39	3	598
39	3	576
39	3	527
39	2	552
39	3	557
40	1	448
40	3	458
40	2	577
40	2	633
40	3	231
41	1	448
41	3	458
41	3	557
41	3	598
41	3	512
41	3	494
42	3	466
42	2	454
42	3	634
42	2	577
42	3	531
42	3	458
42	3	576
42	2	651
42	2	531
43	2	525
43	2	452
43	2	577
43	2	603
43	2	600
43	2	627
44	1	448
44	3	494
44	2	552
44	3	512
44	2	577
44	3	570
45	2	577
45	3	455
45	3	458
45	3	635
45	3	512
45	3	632
45	3	576
45	3	471
46	1	448
46	2	577
46	2	487
46	3	231
47	2	577
47	3	466
47	2	675
47	3	458
47	2	456
47	2	615
48	2	552
48	2	615
48	3	494
48	1	448
48	3	538
48	3	465
49	3	576
49	3	455
49	2	661
49	3	556
49	3	555
49	3	525
49	3	527
49	3	549
49	2	577
50	1	448
50	1	658
50	3	471
50	2	577
50	3	689
50	2	454
50	3	494
50	3	557
51	1	448
51	3	512
51	2	577
51	3	452
51	3	465
51	3	466
51	3	600
52	3	512
52	3	689
52	3	458
52	2	661
52	2	531
52	3	632
52	3	631
52	2	599
52	2	454
52	2	692
53	1	448
53	2	577
53	2	658
53	2	531
53	3	576
53	3	542
53	2	525
54	2	661
54	3	479
54	2	615
54	3	632
54	3	648
54	2	675
54	3	494
54	3	649
55	1	448
55	1	665
55	1	685
55	1	486
55	1	579
55	2	552
55	3	531
56	2	577
56	2	487
56	2	454
56	2	552
56	3	458
56	2	615
57	1	448
57	2	531
57	2	577
57	3	458
57	3	512
57	2	661
57	2	688
57	2	615
58	2	661
58	2	599
58	2	487
58	2	600
58	3	632
58	2	507
58	3	231
59	1	448
59	2	467
59	3	231
60	2	661
60	2	552
60	2	531
60	1	448
60	2	456
60	3	544
61	2	552
61	2	531
61	2	577
61	2	628
61	3	576
61	2	456
62	3	632
62	3	494
62	3	659
62	2	577
62	3	531
62	2	487
62	3	537
62	3	642
62	2	35
63	3	609
63	3	552
63	3	544
63	3	568
63	3	632
63	3	538
64	1	448
64	2	544
64	3	494
64	2	661
64	3	570
64	2	531
64	2	456
65	1	448
65	2	661
65	2	531
65	3	231
66	3	512
66	3	609
66	2	454
66	3	598
66	3	538
66	3	549
66	2	487
66	3	465
66	3	625
67	3	568
67	3	464
67	3	481
67	2	508
67	2	632
67	3	524
67	3	555
67	2	577
68	1	448
68	2	577
68	3	632
68	3	494
68	3	544
68	2	552
69	1	448
69	1	665
69	1	685
69	1	499
69	2	577
69	3	494
69	2	633
70	3	555
70	3	466
70	3	512
70	2	577
70	2	507
70	3	659
70	3	458
70	3	455
71	2	454
71	2	552
71	2	615
71	3	512
71	2	456
72	1	448
72	1	665
72	1	685
72	3	494
72	1	499
72	1	629
72	1	579
72	2	661
73	2	577
73	3	555
73	2	552
73	3	487
73	2	615
73	3	644
74	1	448
74	3	651
74	2	552
74	2	577
74	2	456
75	3	512
75	3	584
75	2	525
75	2	577
75	3	494
75	3	458
75	2	619
75	2	649
76	1	448
76	3	481
76	2	615
76	3	680
76	3	617
76	3	541
76	3	519
76	3	644
76	3	578
77	1	448
77	2	661
77	2	487
77	2	598
77	3	576
77	2	525
77	3	231
78	3	512
78	3	568
78	3	549
78	3	581
78	3	576
78	3	523
78	3	542
79	1	448
79	1	658
79	3	520
79	2	454
79	2	615
79	3	524
79	3	494
79	3	657
80	2	487
80	2	35
81	2	531
81	3	494
81	3	635
81	3	512
81	2	615
81	3	644
81	3	549
81	2	467
81	2	507
82	3	494
82	2	454
82	3	644
82	2	552
82	3	512
82	2	537
82	2	507
82	2	463
83	1	448
83	2	552
83	3	584
83	2	661
83	3	570
83	2	487
84	3	458
84	3	537
84	2	577
84	3	568
84	3	633
84	3	657
84	3	632
84	3	494
85	2	448
85	2	520
85	3	231
86	3	458
86	2	552
86	3	494
86	2	669
86	2	459
86	3	531
86	2	628
87	1	448
87	2	615
87	3	609
87	2	628
87	2	525
87	3	538
87	3	568
88	1	448
88	2	552
88	3	512
88	3	487
88	2	615
88	3	570
89	3	231
90	2	661
90	3	525
90	3	542
90	3	466
90	3	576
90	3	689
90	3	555
90	3	497
91	3	231
92	1	448
92	2	577
92	3	494
92	2	633
92	2	487
92	3	531
92	2	544
92	2	507
93	2	575
93	2	507
93	2	640
93	2	577
93	2	615
93	2	535
93	1	448
94	1	448
94	2	552
94	2	577
94	2	544
94	2	487
94	3	494
95	2	577
95	3	512
95	2	507
95	3	635
95	2	544
95	2	552
96	2	661
96	1	448
96	3	494
96	3	512
96	3	692
96	3	555
96	2	467
96	2	615
96	2	675
97	3	555
97	3	528
97	3	509
97	3	575
97	3	617
97	3	557
98	1	448
98	3	231
99	2	577
99	2	531
99	2	544
99	2	552
99	2	563
100	2	456
100	2	531
100	1	658
100	2	688
100	3	657
100	2	552
101	1	448
101	2	577
101	2	531
101	2	544
101	2	454
101	1	665
101	2	487
101	3	512
102	2	577
102	3	487
102	3	633
102	3	541
102	3	635
102	3	455
102	2	552
103	1	658
103	1	448
103	2	615
103	3	466
103	3	231
104	1	448
104	1	665
104	1	685
104	1	499
104	1	579
104	1	629
104	1	516
104	1	486
105	1	448
105	3	572
105	2	544
105	2	598
105	1	665
105	3	587
105	3	458
105	3	240
106	1	448
106	2	675
106	2	619
106	2	681
106	3	494
106	3	659
106	2	531
106	3	458
106	3	632
106	2	558
107	2	577
107	2	454
107	2	544
107	3	649
107	2	552
108	1	448
108	1	665
108	1	685
108	2	552
108	2	544
108	3	231
109	1	448
109	2	454
109	3	628
109	2	651
109	2	615
109	3	577
109	3	448
109	3	231
110	3	512
110	2	577
110	3	631
110	2	552
110	2	487
110	3	458
110	3	494
111	1	448
111	3	458
111	2	507
111	3	466
111	2	577
111	3	628
111	3	636
111	2	661
111	3	549
112	2	615
112	3	458
112	2	661
112	3	494
112	3	634
112	2	552
112	2	577
113	2	577
113	2	531
113	2	552
113	3	542
113	3	570
114	1	448
114	2	577
114	2	633
114	3	568
114	2	661
114	2	454
114	3	488
114	3	527
115	3	512
115	3	466
115	2	454
115	3	541
115	2	487
115	3	659
115	3	487
115	2	599
115	3	625
115	2	661
116	1	448
116	2	661
116	2	577
116	2	544
116	3	576
116	2	556
116	2	598
116	2	634
117	3	231
118	2	615
118	1	448
118	2	661
118	3	231
119	1	448
119	2	577
119	2	688
119	3	599
119	2	484
119	3	35
120	2	598
120	2	552
120	3	494
120	3	570
120	3	568
121	2	531
121	3	512
121	3	455
121	3	653
121	3	569
121	3	481
121	3	644
121	3	466
121	2	552
122	1	448
122	1	665
122	1	579
122	1	499
122	1	685
122	1	629
122	3	512
122	2	681
123	1	448
123	2	577
123	2	552
123	2	633
123	3	494
123	3	512
123	2	531
124	2	577
124	2	456
124	3	632
124	2	531
124	3	231
125	1	448
125	1	665
125	1	499
125	1	685
125	1	629
125	1	579
125	1	486
126	1	448
126	2	552
126	3	676
126	2	487
126	2	598
126	2	661
126	2	454
126	3	631
127	2	577
127	2	552
127	3	455
127	3	466
127	3	542
128	1	448
128	2	577
128	3	512
128	3	494
128	2	454
128	2	661
128	2	615
128	2	675
129	3	576
129	3	542
129	3	455
129	2	487
129	3	448
129	2	485
129	2	552
130	2	615
130	2	552
130	2	487
130	3	537
130	2	577
130	3	552
131	2	577
131	3	458
131	3	570
131	3	642
131	3	644
131	3	487
131	3	683
132	2	525
132	3	689
132	3	602
132	3	632
132	3	615
132	2	552
133	1	448
133	1	665
133	2	552
133	3	507
133	3	538
133	1	685
133	2	456
134	1	448
134	2	531
134	2	577
134	2	598
134	3	531
134	3	634
134	3	633
134	2	519
134	2	454
135	2	602
135	3	466
135	2	598
135	2	552
135	2	456
136	1	448
136	2	577
136	2	661
136	3	466
136	1	665
136	3	572
136	3	448
136	3	512
137	2	577
137	1	458
137	3	466
137	2	569
137	3	632
137	2	454
137	3	555
137	3	494
137	3	637
138	2	577
138	2	454
138	3	544
138	3	568
138	3	460
138	2	525
138	2	633
139	3	576
139	3	555
139	3	556
139	2	577
139	2	496
139	3	575
139	3	531
140	1	448
140	2	577
140	3	512
140	3	634
140	3	487
140	2	675
140	3	549
140	3	642
140	3	576
141	1	448
141	3	632
141	2	531
141	3	494
141	2	454
141	3	689
141	2	577
141	2	544
142	1	448
142	3	512
142	2	577
142	2	552
142	3	231
143	3	568
143	3	494
143	2	615
143	2	531
143	2	569
143	2	651
143	2	625
143	3	458
144	2	615
144	3	631
144	2	577
144	2	552
144	3	644
144	2	688
145	3	458
145	2	577
145	3	512
145	3	617
145	3	494
145	2	456
145	2	652
146	1	448
146	2	577
146	2	672
146	3	455
146	3	576
146	3	542
147	3	531
147	3	458
147	2	661
147	3	568
147	2	577
147	3	642
147	3	487
147	3	537
148	3	458
148	3	544
148	2	672
148	3	494
148	3	487
148	2	577
148	3	635
148	3	541
149	1	448
149	3	466
149	3	512
149	3	692
149	2	577
149	2	633
149	2	487
149	2	661
149	3	519
150	1	448
150	2	454
150	3	512
150	3	617
150	3	570
150	2	661
150	3	683
150	3	494
151	1	448
151	1	665
151	1	629
151	1	486
151	1	685
151	1	499
151	3	512
152	3	494
152	3	538
152	3	570
152	3	628
152	2	452
152	3	471
153	1	448
153	3	576
153	2	577
153	3	555
153	3	598
153	3	556
153	3	466
153	3	539
154	2	531
154	2	615
154	3	494
154	2	657
154	2	609
154	2	556
154	2	552
155	3	576
155	3	634
155	3	555
155	3	587
155	3	549
155	2	598
155	3	458
155	3	680
155	3	455
156	1	448
156	3	512
156	2	577
156	2	531
156	2	454
156	2	552
156	2	675
157	3	494
157	2	552
157	2	598
157	3	659
157	2	577
157	2	547
158	1	448
158	2	577
158	2	633
158	2	552
158	3	676
158	2	598
158	2	661
159	1	448
159	2	577
159	2	552
159	3	631
159	3	633
159	2	507
159	3	512
160	2	456
160	2	577
160	3	512
160	2	689
160	3	692
160	3	35
161	1	448
161	3	458
161	3	512
161	2	577
161	2	661
161	2	531
161	2	454
161	3	494
161	3	231
162	1	448
162	2	544
162	2	531
162	2	35
163	3	512
163	3	487
163	3	653
163	3	581
163	3	576
163	1	458
163	3	494
163	3	634
163	3	459
164	2	577
164	3	512
164	3	549
164	2	598
164	3	625
164	3	587
164	3	231
165	1	448
165	1	665
165	1	685
165	1	499
165	1	579
165	1	629
165	2	552
166	1	448
166	2	577
166	2	552
166	2	675
166	2	454
166	2	661
166	2	487
167	1	448
167	2	487
167	2	577
167	3	469
167	3	231
168	2	552
168	3	494
168	2	661
168	2	577
168	2	487
168	2	633
168	3	458
169	1	448
169	2	661
169	2	552
169	3	231
170	3	568
170	2	615
170	3	494
170	2	577
170	3	544
170	2	657
171	2	577
171	1	448
171	2	615
171	3	633
171	3	632
171	3	557
172	1	448
172	1	665
172	1	685
172	2	552
172	3	531
172	2	487
172	2	633
172	2	544
173	2	577
173	3	494
173	3	231
174	2	577
174	3	466
174	2	602
174	2	456
174	2	552
175	3	494
175	2	661
175	2	577
175	2	598
175	2	467
175	3	570
175	2	552
176	1	448
176	3	557
176	2	552
176	3	471
177	1	448
177	2	556
177	2	459
177	3	632
177	2	577
177	2	634
177	2	599
177	2	640
178	3	576
178	2	577
178	3	481
178	3	577
178	3	523
178	2	454
178	3	690
178	2	552
179	3	512
179	3	466
179	3	659
179	3	623
179	1	448
179	2	577
179	3	676
179	3	642
179	3	692
180	2	577
180	3	512
180	3	680
180	3	555
180	3	576
180	3	458
180	3	455
180	3	690
181	1	448
181	2	661
181	1	665
181	2	454
181	2	544
181	1	685
181	2	577
181	2	487
182	3	458
182	2	577
182	2	661
182	3	632
182	2	454
182	3	634
182	2	599
182	2	507
182	2	675
183	2	577
183	2	552
183	1	448
183	2	454
183	3	633
183	2	544
184	1	448
184	1	658
184	3	537
184	3	552
184	3	672
184	2	496
184	3	632
185	1	458
185	3	557
185	3	495
185	3	632
185	3	568
186	3	568
186	1	448
186	3	531
186	3	458
186	3	488
186	2	487
186	2	577
186	3	634
187	1	448
187	2	519
187	3	512
187	3	231
188	1	448
188	2	604
188	2	676
188	2	689
188	2	633
188	2	466
188	2	651
188	2	569
188	2	507
189	3	512
189	2	577
189	2	661
189	2	552
189	3	632
189	3	494
189	2	598
190	3	538
190	2	552
190	2	661
190	2	454
190	3	494
190	3	576
190	3	549
191	1	448
191	2	487
191	3	512
191	2	633
191	2	661
191	2	615
191	3	458
191	2	552
192	2	552
192	2	547
192	2	633
192	3	586
192	3	541
192	2	577
193	1	448
193	3	494
193	3	657
193	2	661
193	2	552
193	2	544
193	3	598
194	1	448
194	2	577
194	3	512
194	2	661
194	3	231
195	1	448
195	3	231
196	1	448
196	2	577
196	2	552
196	2	661
196	2	487
196	3	494
196	2	454
197	1	448
197	2	577
197	2	552
197	2	615
197	2	454
197	2	531
198	1	448
198	3	231
199	3	231
200	1	448
200	2	577
200	3	231
201	1	448
201	1	685
201	1	665
201	2	577
201	3	632
201	3	512
201	2	552
202	2	615
202	2	630
202	2	456
202	2	681
202	3	642
202	2	552
203	3	659
203	2	577
203	3	481
203	2	657
203	3	488
203	2	615
203	2	652
203	2	487
204	3	494
204	3	528
204	2	661
204	3	459
204	3	635
204	3	633
204	3	465
204	2	577
205	1	448
205	2	577
205	3	231
206	3	544
206	3	684
206	3	455
206	3	633
206	3	635
206	2	577
206	3	471
207	2	615
207	3	632
207	2	651
207	3	471
207	3	657
207	2	485
207	3	634
207	3	635
208	1	448
208	2	577
208	3	557
208	3	484
209	2	577
209	1	448
209	2	544
209	3	557
210	2	552
210	2	531
210	2	598
210	1	448
210	3	458
210	2	544
210	2	547
211	1	448
211	3	512
211	2	487
211	2	544
211	2	651
211	2	675
211	3	689
211	3	576
211	2	661
212	3	494
212	2	661
212	3	581
212	3	632
212	3	458
212	2	531
212	3	512
212	3	487
212	3	659
213	1	448
213	1	665
213	1	685
213	2	661
213	2	531
213	2	544
213	1	579
213	2	456
214	1	448
214	2	552
214	3	689
214	3	512
214	2	661
214	3	632
214	3	602
215	2	577
215	3	458
215	2	633
215	2	544
215	3	231
216	1	448
216	3	555
216	2	552
216	2	577
216	2	544
216	2	615
217	1	448
217	3	555
217	3	576
217	2	661
217	2	599
217	2	615
217	2	577
217	3	617
218	3	231
219	1	448
219	3	458
219	3	512
219	3	494
219	3	681
219	2	507
219	2	577
219	2	609
219	2	467
221	1	448
221	3	657
221	3	632
221	2	577
221	2	454
221	3	458
221	3	512
221	2	552
222	2	552
222	3	633
222	3	458
222	2	577
222	3	635
222	3	466
222	3	555
223	1	448
223	3	458
223	2	598
223	2	556
223	3	568
223	3	531
223	2	454
223	3	552
224	2	577
224	2	531
224	3	512
224	2	615
224	3	632
224	2	454
224	3	628
224	3	657
225	1	448
225	3	683
225	2	544
225	2	552
225	2	577
225	2	661
226	3	512
226	3	657
226	2	531
226	3	494
226	3	581
226	2	467
226	3	458
226	2	577
227	2	531
227	3	512
227	2	467
227	3	644
227	2	448
227	3	458
227	3	557
228	3	576
228	2	599
228	3	635
228	3	507
228	3	556
228	3	644
228	3	692
228	2	661
228	3	632
228	3	631
229	1	448
229	3	231
230	1	448
230	2	577
230	3	633
230	3	487
230	3	568
230	2	669
230	2	547
232	3	512
232	1	448
232	3	458
232	3	689
232	3	581
232	2	602
232	3	494
232	2	615
233	3	512
233	2	577
233	2	661
233	3	631
233	2	531
233	2	633
233	1	448
233	2	495
233	3	542
234	2	531
234	3	512
234	2	661
234	2	552
234	2	598
234	2	454
234	3	631
234	3	465
235	1	448
235	2	552
235	2	487
235	2	454
235	2	577
235	2	544
236	2	577
236	2	454
236	3	231
237	2	675
237	3	557
237	3	658
237	2	661
237	2	487
237	3	576
238	3	512
238	2	675
238	2	615
238	2	661
238	3	659
238	3	488
238	3	683
238	3	642
238	3	570
239	2	552
239	2	454
239	3	494
239	3	458
239	1	448
239	2	467
239	3	531
239	2	599
241	1	448
241	2	577
241	2	544
241	2	454
241	1	665
241	2	552
242	1	448
242	3	458
242	2	507
242	2	615
242	2	661
242	3	670
242	3	657
242	3	632
242	2	577
243	2	577
243	2	456
243	3	538
243	3	487
243	2	661
243	2	552
244	1	448
244	3	512
244	2	675
244	2	599
244	3	576
244	3	570
244	3	479
244	3	659
245	2	577
245	2	454
245	2	544
245	2	509
245	2	531
245	2	496
245	3	642
246	3	536
246	3	531
246	3	507
246	3	527
246	2	507
246	2	552
247	1	448
247	2	577
247	2	552
247	2	503
247	2	652
247	2	675
247	3	496
248	2	577
248	2	552
248	3	512
248	1	448
248	2	661
248	3	659
248	3	632
249	1	448
249	1	665
249	1	579
249	1	685
249	3	576
249	1	499
249	2	544
250	1	658
250	2	556
250	2	381
251	1	448
251	3	494
251	2	577
251	3	512
251	2	661
251	2	552
251	2	531
252	3	617
252	2	577
252	3	451
252	3	466
252	3	623
252	3	588
252	2	547
253	2	577
253	1	448
253	2	661
253	3	635
253	3	542
253	2	456
254	2	577
254	2	661
254	3	381
255	1	448
255	2	615
255	3	458
255	3	512
255	3	632
255	2	531
255	2	577
255	2	507
256	2	544
256	2	633
256	3	633
256	2	456
256	3	537
256	2	552
257	1	448
257	1	665
257	1	579
257	1	685
257	3	494
257	2	552
257	1	499
258	2	577
258	3	568
258	3	633
258	2	661
258	3	494
258	2	633
258	3	518
258	3	552
259	3	555
259	3	455
259	2	689
259	3	575
259	2	577
259	3	635
259	2	454
260	1	448
260	2	577
260	2	454
260	2	544
260	3	512
260	2	661
260	2	487
260	2	531
261	3	231
262	1	448
262	2	577
262	2	615
262	3	512
262	3	231
263	3	568
263	1	448
263	3	512
263	3	494
263	2	552
263	2	577
264	2	577
264	2	675
264	3	466
264	3	458
264	3	689
264	2	581
264	3	231
265	1	448
265	2	577
265	2	552
265	3	458
265	2	661
265	3	634
265	2	598
266	1	448
266	3	458
266	2	577
266	2	454
266	3	468
266	3	512
266	2	552
267	1	448
267	1	658
267	2	577
267	2	633
267	2	454
267	3	657
267	3	474
267	2	531
267	3	466
268	2	615
268	3	494
268	3	541
268	1	448
268	2	552
268	3	623
268	3	497
269	2	577
269	3	692
269	3	512
269	3	633
269	3	642
269	2	547
269	3	689
269	2	675
270	3	512
270	2	456
270	2	577
270	3	458
270	2	531
270	2	454
270	3	617
271	1	448
271	2	577
271	3	635
271	3	689
271	3	448
271	3	632
271	3	512
271	3	231
272	2	577
272	2	463
272	2	487
272	2	661
272	2	507
272	2	495
272	3	512
272	3	632
272	3	581
273	1	448
273	2	577
273	2	575
273	2	35
274	2	577
274	3	632
274	3	458
274	3	692
274	2	552
274	3	487
274	3	555
275	1	448
275	2	577
275	3	471
275	3	557
276	1	448
276	2	577
276	3	494
276	2	615
276	3	512
276	3	458
276	3	584
276	2	454
277	1	448
277	3	570
277	2	467
277	3	458
277	2	615
277	2	531
277	3	631
278	1	448
278	3	642
278	3	231
279	2	577
279	3	584
279	3	494
279	2	531
279	3	448
279	2	552
279	2	688
280	1	448
280	3	542
280	3	636
280	2	454
280	3	623
280	3	523
280	3	599
280	2	615
282	1	448
282	3	538
282	1	685
282	3	494
282	3	544
282	3	549
282	3	570
283	3	689
283	3	512
283	3	602
283	2	577
283	3	632
283	2	220
284	2	577
284	3	512
284	3	659
284	1	448
284	2	552
284	2	544
285	3	494
285	2	577
285	2	487
285	2	544
285	3	458
285	2	552
286	1	448
286	3	512
286	3	458
286	3	632
286	3	689
286	2	454
286	3	466
286	2	507
286	2	577
287	1	448
287	2	552
287	3	512
287	2	220
288	1	448
288	2	577
288	2	675
288	2	661
288	3	458
288	1	665
288	3	494
288	2	615
289	1	448
289	3	494
289	2	487
289	3	465
289	3	631
289	2	552
289	3	512
289	2	454
291	1	448
291	3	466
291	3	634
291	3	598
291	3	531
291	3	458
291	2	577
291	3	541
291	3	497
292	2	577
292	3	659
292	3	557
292	3	512
292	3	492
293	3	632
293	3	494
293	2	531
293	3	544
293	3	552
293	3	512
293	3	568
294	1	448
294	3	557
294	2	467
294	3	231
295	3	487
295	2	552
295	3	633
295	3	658
295	2	577
295	3	528
295	3	557
296	1	448
296	2	487
296	2	577
296	2	661
296	2	680
296	3	231
297	1	448
297	2	661
297	2	454
297	2	552
297	2	615
297	2	556
297	2	577
298	2	577
298	2	552
298	3	494
298	1	448
298	2	454
298	3	458
298	2	531
299	2	577
299	1	448
299	2	661
299	2	615
299	3	494
299	2	496
299	2	640
300	3	512
300	3	458
300	3	494
300	2	661
300	2	577
300	3	692
300	3	555
300	3	602
301	1	448
301	2	577
301	3	542
301	3	541
301	3	549
301	2	552
302	3	231
303	3	512
303	3	625
303	3	479
303	3	455
303	3	631
303	2	487
303	3	570
304	2	552
304	2	487
304	3	631
304	2	456
304	2	467
304	2	598
305	2	454
305	2	552
305	2	633
305	2	577
305	3	632
305	2	531
305	3	633
306	2	661
306	2	487
306	2	598
306	2	577
306	2	454
306	3	512
306	3	557
307	1	448
307	2	577
307	3	512
307	3	458
307	2	615
307	3	494
307	3	642
307	3	487
308	2	577
308	3	512
308	3	458
308	2	675
308	3	632
308	3	642
308	3	570
309	1	448
309	3	617
309	3	576
309	2	649
309	3	587
309	2	552
309	1	665
310	3	578
310	3	633
310	3	240
311	2	577
311	3	494
311	2	552
311	2	661
311	2	531
311	3	632
311	3	458
312	2	531
312	2	577
312	3	494
312	1	448
312	2	519
312	2	220
313	1	448
313	2	577
313	3	512
313	2	552
313	2	544
313	3	632
314	1	448
314	2	577
314	2	487
314	2	633
314	2	555
314	2	552
314	2	575
315	1	448
315	2	534
315	3	494
315	2	525
315	2	564
315	2	621
315	2	519
315	2	554
316	1	448
316	3	512
316	3	494
316	2	577
316	3	570
316	2	552
317	2	552
317	3	555
317	3	458
317	2	452
317	3	576
317	2	661
317	2	454
318	1	448
318	2	577
318	3	633
318	3	458
318	3	555
318	3	487
318	2	615
318	2	552
319	2	577
319	3	642
319	3	458
319	3	644
319	3	632
319	2	661
319	3	512
319	3	631
319	3	460
320	2	552
320	2	577
320	3	602
320	2	615
320	3	458
321	2	652
321	3	642
321	3	683
321	2	577
321	3	570
321	2	552
322	1	448
322	3	598
322	3	512
322	3	632
322	3	659
322	3	689
322	3	518
322	3	581
322	3	501
323	2	675
323	2	577
323	2	615
323	3	555
323	3	631
323	2	456
324	3	512
324	2	531
324	3	494
324	2	577
324	3	458
324	3	465
324	3	231
325	1	448
325	2	544
325	2	633
325	2	531
325	2	535
325	2	35
326	1	448
326	2	577
326	3	494
326	2	552
326	3	458
326	2	675
326	2	544
327	1	448
327	2	552
327	2	531
327	2	577
327	2	454
327	2	544
328	1	448
328	3	632
328	2	577
328	2	531
328	2	552
328	3	494
328	3	659
329	2	487
329	3	231
330	2	552
330	3	632
330	2	456
330	3	464
330	3	584
330	3	659
331	2	552
331	2	456
331	2	577
331	2	507
331	1	448
332	2	661
332	3	577
332	2	220
333	3	494
333	3	568
333	2	454
333	2	577
333	2	661
333	3	231
334	2	577
334	3	494
334	2	454
334	2	651
334	2	544
334	3	632
334	2	531
334	2	552
335	2	633
335	2	661
335	3	555
335	2	467
335	3	631
335	2	577
335	3	512
335	2	525
335	3	632
336	1	448
336	2	489
336	2	525
336	2	690
336	2	663
336	2	689
336	2	603
336	2	485
336	2	634
337	2	577
337	1	448
337	3	231
338	3	458
338	2	577
338	2	487
338	3	494
338	3	531
338	3	642
338	3	648
338	3	231
339	2	598
339	2	661
339	2	454
339	2	531
339	2	547
339	2	487
339	2	552
340	2	577
340	2	661
340	3	494
340	2	552
340	3	634
340	2	487
340	2	544
341	1	448
341	2	577
341	3	512
341	3	689
341	2	661
341	3	557
342	1	448
342	2	552
342	2	544
342	2	577
342	2	633
342	2	598
343	1	448
343	2	577
343	3	512
343	3	494
343	3	692
343	2	552
343	3	568
344	3	455
344	3	555
344	3	512
344	1	448
344	2	456
344	2	552
345	3	494
345	2	577
345	2	615
345	1	658
345	2	496
345	3	231
346	3	231
347	1	448
347	1	665
347	1	499
347	1	579
347	1	685
347	2	661
347	2	577
348	2	35
349	1	448
349	2	454
349	2	577
349	3	576
349	2	552
349	3	598
349	2	661
350	1	448
350	1	665
350	1	685
350	2	552
350	1	579
350	2	531
350	2	456
351	1	448
351	1	665
351	3	512
351	2	661
351	2	454
351	2	615
351	2	552
352	1	448
352	1	665
352	1	499
352	1	685
352	1	579
352	1	629
352	1	551
352	1	516
353	2	487
353	2	633
353	2	577
353	3	494
353	2	552
353	2	689
353	3	455
354	3	494
354	1	448
354	3	231
355	2	577
355	2	496
355	3	512
355	3	231
356	1	448
356	3	542
356	3	555
356	2	600
356	2	467
356	3	576
356	2	487
357	1	448
357	2	577
357	2	552
357	2	661
357	2	454
357	2	487
357	2	675
358	1	448
358	2	661
358	3	512
358	3	689
358	3	576
358	2	552
358	3	631
358	3	494
359	1	448
359	2	661
359	2	487
359	3	512
359	2	577
359	2	633
359	3	494
359	2	615
360	1	448
360	1	665
360	2	538
360	2	486
360	2	615
360	1	499
361	2	577
361	3	494
361	2	552
361	3	231
362	2	577
362	2	661
362	2	454
362	1	448
362	2	531
362	3	458
362	3	487
362	2	552
363	2	661
363	2	531
363	3	466
363	2	577
363	3	528
363	3	632
363	3	635
363	3	572
364	3	568
364	2	577
364	1	448
364	2	552
364	2	467
364	3	494
365	3	512
365	3	231
366	1	448
366	2	577
366	2	552
366	2	675
366	2	661
366	3	494
366	3	231
367	1	448
367	1	665
367	1	499
367	1	579
367	1	685
367	2	544
367	2	661
368	3	617
368	2	469
368	3	632
368	2	577
368	1	448
368	3	468
368	3	471
369	3	659
369	3	494
369	2	661
369	2	487
369	2	599
369	3	642
369	3	458
369	1	448
369	3	512
369	3	537
370	1	448
370	2	577
370	2	661
370	1	665
370	2	552
370	3	659
370	3	231
371	3	494
371	2	661
371	3	512
371	3	458
371	2	577
371	2	615
371	2	467
371	2	531
372	1	448
372	1	665
372	1	499
372	2	661
372	1	658
372	2	220
373	3	494
373	2	552
373	2	577
373	3	512
373	3	635
373	3	631
373	2	467
374	2	531
374	2	552
374	3	570
374	2	454
374	3	487
374	1	448
375	1	448
375	3	555
375	2	454
375	2	552
375	3	512
375	1	658
375	3	231
376	1	448
376	2	552
376	2	577
376	2	615
376	2	661
376	2	531
377	1	448
377	3	555
377	3	576
377	3	659
377	2	507
377	3	456
377	2	577
378	1	448
378	2	577
378	2	633
378	3	231
379	1	448
379	3	458
379	3	632
379	3	512
379	2	552
379	2	454
379	2	661
379	2	544
380	3	689
380	3	469
380	2	454
380	2	661
380	3	681
380	3	487
380	2	531
380	3	635
380	2	552
382	1	448
382	1	665
382	3	512
382	3	598
382	3	494
382	1	579
382	1	685
382	2	577
382	1	629
383	3	572
383	2	661
383	2	598
383	2	487
383	3	519
383	3	494
383	3	220
384	1	448
384	1	685
384	1	665
384	3	568
384	2	487
384	3	512
384	3	448
384	2	615
385	1	448
385	2	604
385	2	639
385	2	636
385	2	220
386	1	448
386	3	494
386	2	487
386	3	568
386	2	552
386	2	577
387	3	632
387	3	512
387	2	577
387	2	675
387	3	471
387	2	599
387	3	497
388	1	448
388	2	552
388	2	577
388	2	454
388	2	547
388	2	661
389	1	448
389	3	512
389	2	577
389	2	552
389	2	487
389	2	544
390	1	448
390	3	512
390	3	570
390	2	577
390	2	634
390	2	469
391	2	577
391	3	683
391	3	632
391	3	557
391	3	642
392	2	552
392	2	577
392	3	570
392	2	649
393	2	469
393	2	675
393	2	552
393	3	464
393	2	544
393	2	577
394	1	448
394	1	665
394	1	685
394	1	579
394	1	499
394	1	629
394	2	531
394	2	552
395	1	448
395	2	544
395	3	231
396	2	577
396	3	549
396	3	458
396	2	507
396	3	231
397	2	661
397	1	448
397	2	577
397	2	552
397	3	458
397	2	487
397	3	632
398	3	512
398	1	448
398	2	487
398	3	659
398	3	602
398	3	648
398	2	658
398	3	448
398	2	454
399	3	458
399	3	642
399	2	577
399	3	512
399	3	632
399	3	231
400	1	448
400	2	577
400	3	555
400	2	661
400	3	231
401	1	448
401	3	231
402	2	577
402	2	552
402	3	494
402	2	544
402	1	448
402	2	531
403	2	454
403	2	569
403	2	689
403	3	458
403	2	552
403	3	576
403	1	448
403	2	661
404	3	636
404	3	541
404	3	512
404	2	633
404	3	240
405	3	231
406	3	512
406	2	577
406	3	659
406	2	381
407	2	577
407	2	552
407	3	494
407	2	547
407	2	531
407	2	615
408	3	512
408	1	448
408	3	466
408	2	577
408	3	692
408	2	456
408	3	555
409	2	577
409	3	642
409	2	507
409	2	675
409	2	454
409	3	644
409	2	552
410	2	454
410	2	598
410	3	494
410	3	651
410	2	456
410	3	632
410	2	539
411	1	448
411	2	220
412	2	531
412	3	617
412	2	456
412	3	231
413	3	231
414	2	577
414	2	487
414	2	661
414	2	454
414	3	458
414	3	512
414	3	231
415	2	577
415	2	552
415	3	657
415	3	458
415	3	494
415	3	632
415	3	231
416	1	448
416	3	481
416	3	466
416	3	455
416	3	448
416	2	615
416	2	577
417	2	630
417	1	448
417	2	639
417	2	452
417	2	609
417	2	675
417	2	542
418	2	577
418	2	454
418	1	448
418	3	458
418	3	494
418	3	231
419	3	494
419	3	466
419	3	458
419	2	552
419	2	454
419	3	231
420	2	487
420	2	552
420	3	458
420	3	512
420	3	231
421	2	552
421	2	544
421	2	220
422	2	577
422	3	458
422	3	557
422	3	657
422	3	676
423	1	448
423	2	454
423	2	661
423	2	487
423	3	557
423	2	531
424	1	448
424	1	658
424	2	633
424	3	634
424	3	466
424	3	474
424	3	494
424	3	512
424	2	615
425	1	448
425	2	577
425	2	576
425	3	640
425	3	481
425	2	634
425	3	689
425	3	633
425	2	496
426	2	456
426	2	615
426	3	512
426	2	496
426	2	552
427	1	448
427	3	231
428	2	552
428	2	544
428	2	577
428	3	231
429	3	555
429	3	512
429	2	577
429	3	576
429	2	487
429	2	661
429	3	659
429	3	455
430	3	494
430	2	552
430	2	577
430	3	549
430	3	689
430	2	454
430	2	615
431	1	448
431	2	577
431	3	494
431	2	552
431	3	528
431	3	635
431	3	544
432	1	448
432	3	458
432	2	577
432	2	547
432	3	531
432	2	552
433	1	448
433	3	512
433	2	454
433	2	448
433	2	577
433	3	507
433	2	569
433	3	481
433	3	640
434	1	448
434	2	552
434	2	544
434	2	598
434	2	661
434	3	231
435	1	448
435	2	577
435	2	544
435	2	531
435	2	552
435	2	633
436	3	458
436	3	494
436	1	448
436	3	512
436	2	531
436	2	467
436	2	675
436	3	648
436	3	555
436	2	619
437	1	448
437	2	454
437	2	577
437	3	544
437	2	675
437	2	531
437	2	544
438	1	448
438	1	665
438	1	685
438	1	499
438	1	579
438	2	577
438	2	544
439	1	448
439	2	490
439	2	483
439	2	544
439	2	456
439	3	512
440	2	552
440	1	448
440	2	531
440	3	494
440	2	615
440	3	570
441	1	448
441	1	665
441	2	577
441	2	454
441	2	544
441	1	499
442	2	661
442	3	692
442	2	615
442	3	635
442	3	504
442	3	540
442	3	549
442	3	602
443	1	448
443	2	577
443	2	552
443	2	454
443	2	531
443	3	231
444	1	448
444	2	577
444	2	661
444	2	531
444	3	632
444	2	454
444	3	512
444	3	642
444	3	659
445	1	448
445	3	458
445	3	632
445	3	633
445	3	557
445	3	487
446	2	531
446	3	494
446	1	448
446	2	539
446	2	577
446	3	659
446	3	584
446	2	552
447	3	632
447	2	487
447	2	615
447	3	689
447	2	456
447	2	552
290	1	448
290	2	577
290	2	552
290	3	494
290	3	458
290	2	661
290	3	633
449	1	448
449	3	487
449	2	544
449	3	494
449	3	557
220	1	448
220	3	512
220	2	454
220	3	481
220	2	577
220	3	240
381	1	448
381	2	507
381	3	602
381	3	642
381	3	568
381	2	661
381	3	617
381	3	458
240	1	448
240	3	512
240	3	231
2	1	591
2	1	511
2	1	665
2	1	290
231	1	448
231	3	555
231	3	575
231	2	577
231	3	633
231	2	661
231	3	487
231	3	523
281	2	661
281	3	531
281	2	467
281	2	651
281	3	512
281	3	458
281	3	632
281	2	615
281	2	688
529	2	577
529	2	496
529	2	661
529	3	487
529	3	458
529	2	615
529	2	469
453	1	448
453	2	577
453	2	675
453	3	512
453	1	665
453	3	458
453	2	615
453	2	552
457	2	454
457	2	577
457	2	599
457	3	494
457	2	487
457	2	661
457	2	552
491	1	448
491	1	665
491	1	685
491	1	499
491	1	579
491	1	629
491	1	516
491	3	231
595	2	519
595	2	602
595	2	231
525	3	458
525	2	651
525	2	487
525	3	581
525	3	494
525	3	512
525	3	598
525	2	577
614	2	577
614	3	512
614	3	527
614	3	231
616	2	552
616	2	598
616	2	577
616	3	494
616	3	576
616	2	548
527	3	231
467	2	661
467	2	487
467	2	552
467	3	231
654	2	577
654	2	552
654	3	231
459	1	448
459	2	661
459	3	512
459	1	629
459	1	665
459	2	454
459	2	525
459	2	577
459	2	599
484	1	448
484	3	502
484	3	488
484	3	497
484	3	676
484	2	467
484	3	578
484	3	642
484	3	231
